1764064617310 3.6892611994386885e-06 0
1764064617310 3.670928431802969e-06 1
1764064617311 3.652686763807805e-06 2
1764064617311 3.6345357427586187e-06 3
1764064617312 3.6164749182103732e-06 4
1764064617312 3.598503841956394e-06 5
1764064617313 3.5806220680172465e-06 6
1764064617314 3.5628291526296677e-06 7
1764064617316 3.545124654235554e-06 8
1764064617318 3.5275081334710035e-06 9
1764064617319 3.5099791531554123e-06 10
1764064617319 3.4925372782806253e-06 11
1764064617321 3.475182076000139e-06 12
1764064617323 3.4579131156183635e-06 13
1764064617324 3.4407299685799307e-06 14
1764064617324 3.4236322084590614e-06 15
1764064617325 3.406619410948981e-06 16
1764064617325 3.389691153851392e-06 17
1764064617326 3.3728470170659927e-06 18
1764064617326 3.3560865825800555e-06 19
1764064617327 3.339409434458053e-06 20
1764064617327 3.3228151588313327e-06 21
1764064617327 3.3063033438878497e-06 22
1764064617328 3.2898735798619467e-06 23
1764064617328 3.2735254590241817e-06 24
1764064617329 3.257258575671213e-06 25
1764064617332 3.24107252611573e-06 26
1764064617333 3.224966908676435e-06 27
1764064617334 3.2089413236680748e-06 28
1764064617335 3.1929953733915213e-06 29
1764064617335 3.177128662123905e-06 30
1764064617336 3.1613407961087894e-06 31
1764064617336 3.1456313835464036e-06 32
1764064617337 3.1300000345839183e-06 33
1764064617337 3.1144463613057693e-06 34
1764064617337 3.0989699777240325e-06 35
1764064617338 3.083570499768844e-06 36
1764064617338 3.0682475452788713e-06 37
1764064617339 3.053000733991825e-06 38
1764064617339 3.0378296875350247e-06 39
1764064617339 3.022734029416011e-06 40
1764064617340 3.007713385013197e-06 41
1764064617340 2.9927673815665775e-06 42
1764064617341 2.9778956481684738e-06 43
1764064617341 2.963097815754331e-06 44
1764064617342 2.9483735170935586e-06 45
1764064617342 2.93372238678042e-06 46
1764064617342 2.9191440612249565e-06 47
1764064617343 2.9046381786439758e-06 48
1764064617343 2.8902043790520622e-06 49
1764064617344 2.875842304252652e-06 50
1764064617344 2.8615515978291384e-06 51
1764064617344 2.8473319051360308e-06 52
1764064617345 2.83318287329015e-06 53
1764064617345 2.819104151161874e-06 54
1764064617346 2.805095389366421e-06 55
1764064617346 2.791156240255183e-06 56
1764064617347 2.7772863579070927e-06 57
1764064617347 2.763485398120046e-06 58
1764064617347 2.7497530184023546e-06 59
1764064617348 2.7360888779642476e-06 60
1764064617348 2.7224926377094164e-06 61
1764064617349 2.708963960226597e-06 62
1764064617349 2.695502509781199e-06 63
1764064617349 2.682107952306972e-06 64
1764064617350 2.668779955397715e-06 65
1764064617350 2.6555181882990295e-06 66
1764064617351 2.642322321900109e-06 67
1764064617351 2.6291920287255727e-06 68
1764064617351 2.61612698292734e-06 69
1764064617352 2.6031268602765395e-06 70
1764064617352 2.5901913381554677e-06 71
1764064617353 2.577320095549581e-06 72
1764064617353 2.56451281303953e-06 73
1764064617353 2.5517691727932305e-06 74
1764064617354 2.539088858557977e-06 75
1764064617354 2.526471555652595e-06 76
1764064617355 2.5139169509596337e-06 77
1764064617355 2.5014247329175898e-06 78
1764064617355 2.488994591513182e-06 79
1764064617356 2.4766262182736515e-06 80
1764064617356 2.464319306259113e-06 81
1764064617357 2.452073550054933e-06 82
1764064617357 2.439888645764153e-06 83
1764064617357 2.4277642909999437e-06 84
1764064617358 2.415700184878108e-06 85
1764064617358 2.403696028009607e-06 86
1764064617359 2.3917515224931344e-06 87
1764064617359 2.3798663719077232e-06 88
1764064617360 2.3680402813053862e-06 89
1764064617360 2.3562729572038006e-06 90
1764064617360 2.3445641075790253e-06 91
1764064617361 2.3329134418582486e-06 92
1764064617361 2.32132067091258e-06 93
1764064617362 2.309785507049878e-06 94
1764064617362 2.2983076640076063e-06 95
1764064617362 2.2868868569457333e-06 96
1764064617363 2.2755228024396584e-06 97
1764064617363 2.264215218473185e-06 98
1764064617364 2.2529638244315145e-06 99
1764064617364 2.2417683410942893e-06 100
1764064617364 2.2306284906286603e-06 101
1764064617365 2.219543996582391e-06 102
1764064617365 2.208514583876998e-06 103
1764064617366 2.1975399788009265e-06 104
1764064617366 2.186619909002753e-06 105
1764064617367 2.175754103484433e-06 106
1764064617367 2.1649422925945688e-06 107
1764064617367 2.1541842080217234e-06 108
1764064617368 2.143479582787759e-06 109
1764064617368 2.1328281512412107e-06 110
1764064617369 2.122229649050698e-06 111
1764064617369 2.1116838131983587e-06 112
1764064617369 2.1011903819733303e-06 113
1764064617370 2.090749094965247e-06 114
1764064617370 2.0803596930577814e-06 115
1764064617371 2.0700219184222122e-06 116
1764064617371 2.059735514511029e-06 117
1764064617372 2.049500226051564e-06 118
1764064617372 2.0393157990396525e-06 119
1764064617372 2.0291819807333385e-06 120
1764064617373 2.0190985196465954e-06 121
1764064617373 2.0090651655430855e-06 122
1764064617374 1.999081669429955e-06 123
1764064617374 1.9891477835516488e-06 124
1764064617374 1.9792632613837668e-06 125
1764064617375 1.969427857626943e-06 126
1764064617375 1.959641328200758e-06 127
1764064617376 1.9499034302376856e-06 128
1764064617376 1.94021392207706e-06 129
1764064617376 1.9305725632590835e-06 130
1764064617377 1.920979114518856e-06 131
1764064617377 1.9114333377804402e-06 132
1764064617378 1.9019349961509479e-06 133
1764064617378 1.8924838539146692e-06 134
1764064617379 1.883079676527216e-06 135
1764064617379 1.8737222306097059e-06 136
1764064617384 1.8644112839429644e-06 137
1764064617385 1.8551466054617715e-06 138
1764064617385 1.845927965249119e-06 139
1764064617385 1.8367551345305084e-06 140
1764064617386 1.8276278856682742e-06 141
1764064617386 1.8185459921559322e-06 142
1764064617387 1.8095092286125596e-06 143
1764064617387 1.8005173707772051e-06 144
1764064617388 1.7915701955033156e-06 145
1764064617388 1.7826674807532083e-06 146
1764064617388 1.7738090055925525e-06 147
1764064617389 1.764994550184888e-06 148
1764064617389 1.7562238957861772e-06 149
1764064617390 1.7474968247393657e-06 150
1764064617390 1.7388131204689883e-06 151
1764064617391 1.7301725674757906e-06 152
1764064617391 1.7215749513313824e-06 153
1764064617391 1.7130200586729188e-06 154
1764064617392 1.7045076771977997e-06 155
1764064617392 1.6960375956584055e-06 156
1764064617393 1.6876096038568549e-06 157
1764064617393 1.6792234926397841e-06 158
1764064617394 1.6708790538931608e-06 159
1764064617394 1.6625760805371203e-06 160
1764064617394 1.6543143665208215e-06 161
1764064617395 1.6460937068173352e-06 162
1764064617395 1.6379138974185608e-06 163
1764064617396 1.6297747353301567e-06 164
1764064617396 1.6216760185665085e-06 165
1764064617397 1.6136175461457094e-06 166
1764064617399 1.6055991180845819e-06 167
1764064617400 1.597620535393706e-06 168
1764064617401 1.589681600072487e-06 169
1764064617401 1.5817821151042387e-06 170
1764064617402 1.573921884451295e-06 171
1764064617402 1.5661007130501461e-06 172
1764064617402 1.5583184068065941e-06 173
1764064617403 1.5505747725909423e-06 174
1764064617403 1.542869618233196e-06 175
1764064617404 1.535202752518298e-06 176
1764064617404 1.527573985181381e-06 177
1764064617404 1.5199831269030452e-06 178
1764064617405 1.512429989304664e-06 179
1764064617405 1.5049143849437057e-06 180
1764064617406 1.4974361273090822e-06 181
1764064617406 1.4899950308165195e-06 182
1764064617407 1.482590910803956e-06 183
1764064617407 1.475223583526957e-06 184
1764064617407 1.4678928661541536e-06 185
1764064617408 1.4605985767627089e-06 186
1764064617408 1.4533405343338004e-06 187
1764064617409 1.446118558748128e-06 188
1764064617409 1.438932470781446e-06 189
1764064617409 1.4317820921001153e-06 190
1764064617410 1.424667245256674e-06 191
1764064617410 1.4175877536854383e-06 192
1764064617411 1.4105434416981205e-06 193
1764064617411 1.403534134479461e-06 194
1764064617412 1.396559658082906e-06 195
1764064617412 1.3896198394262745e-06 196
1764064617412 1.3827145062874703e-06 197
1764064617413 1.3758434873002091e-06 198
1764064617413 1.3690066119497656e-06 199
1764064617413 1.3622037105687362e-06 200
1764064617414 1.3554346143328363e-06 201
1764064617414 1.348699155256706e-06 202
1764064617415 1.3419971661897416e-06 203
1764064617417 1.3353284808119498e-06 204
1764064617418 1.3286929336298183e-06 205
1764064617419 1.3220903599722071e-06 206
1764064617419 1.3155205959862687e-06 207
1764064617419 1.308983478633372e-06 208
1764064617420 1.3024788456850642e-06 209
1764064617420 1.296006535719042e-06 210
1764064617421 1.289566388115146e-06 211
1764064617423 1.2831582430513745e-06 212
1764064617425 1.276781941499915e-06 213
1764064617426 1.2704373252232033e-06 214
1764064617427 1.2641242367699897e-06 215
1764064617427 1.2578425194714395e-06 216
1764064617428 1.2515920174372354e-06 217
1764064617428 1.2453725755517201e-06 218
1764064617429 1.2391840394700346e-06 219
1764064617429 1.2330262556142996e-06 220
1764064617429 1.2268990711697943e-06 221
1764064617430 1.2208023340811703e-06 222
1764064617430 1.214735893048679e-06 223
1764064617431 1.2086995975244098e-06 224
1764064617431 1.2026932977085618e-06 225
1764064617432 1.1967168445457224e-06 226
1764064617432 1.1907700897211663e-06 227
1764064617432 1.1848528856571798e-06 228
1764064617433 1.1789650855093977e-06 229
1764064617433 1.173106543163153e-06 230
1764064617434 1.1672771132298573e-06 231
1764064617434 1.1614766510433926e-06 232
1764064617435 1.1557050126565172e-06 233
1764064617435 1.1499620548372944e-06 234
1764064617435 1.1442476350655427e-06 235
1764064617436 1.1385616115292941e-06 236
1764064617436 1.1329038431212744e-06 237
1764064617437 1.127274189435405e-06 238
1764064617437 1.121672510763315e-06 239
1764064617437 1.116098668090878e-06 240
1764064617438 1.1105525230947578e-06 241
1764064617438 1.1050339381389802e-06 242
1764064617438 1.099542776271512e-06 243
1764064617439 1.094078901220869e-06 244
1764064617439 1.0886421773927269e-06 245
1764064617440 1.0832324698665649e-06 246
1764064617440 1.0778496443923064e-06 247
1764064617441 1.0724935673869985e-06 248
1764064617441 1.0671641059314904e-06 249
1764064617441 1.0618611277671366e-06 250
1764064617442 1.056584501292513e-06 251
1764064617442 1.0513340955601563e-06 252
1764064617443 1.0461097802733049e-06 253
1764064617443 1.0409114257826755e-06 254
1764064617444 1.035738903083242e-06 255
1764064617444 1.0305920838110274e-06 256
1764064617444 1.0254708402399313e-06 257
1764064617445 1.020375045278549e-06 258
1764064617445 1.015304572467021e-06 259
1764064617446 1.010259295973897e-06 260
1764064617446 1.0052390905930114e-06 261
1764064617446 1.0002438317403746e-06 262
1764064617447 9.952733954510857e-07 263
1764064617447 9.903276583762497e-07 264
1764064617448 9.854064977799216e-07 265
1764064617448 9.805097915360596e-07 266
1764064617449 9.756374181254937e-07 267
1764064617451 9.707892566329075e-07 268
1764064617453 9.65965186743844e-07 269
1764064617456 9.611650887417124e-07 270
1764064617456 9.5638884350482e-07 271
1764064617456 9.516363325034209e-07 272
1764064617457 9.46907437796766e-07 273
1764064617457 9.422020420301814e-07 274
1764064617458 9.37520028432156e-07 275
1764064617458 9.328612808114414e-07 276
1764064617459 9.2822568355417e-07 277
1764064617459 9.236131216209845e-07 278
1764064617459 9.190234805441873e-07 279
1764064617460 9.144566464248932e-07 280
1764064617460 9.099125059302061e-07 281
1764064617461 9.053909462904078e-07 282
1764064617461 9.008918552961592e-07 283
1764064617461 8.96415121295712e-07 284
1764064617462 8.919606331921434e-07 285
1764064617462 8.875282804405922e-07 286
1764064617463 8.831179530455236e-07 287
1764064617463 8.787295415579941e-07 288
1764064617463 8.74362937072934e-07 289
1764064617464 8.700180312264511e-07 290
1764064617464 8.656947161931358e-07 291
1764064617466 8.613928846833865e-07 292
1764064617468 8.571124299407499e-07 293
1764064617470 8.528532457392684e-07 294
1764064617471 8.486152263808429e-07 295
1764064617472 8.443982666926162e-07 296
1764064617474 8.402022620243546e-07 297
1764064617475 8.360271082458574e-07 298
1764064617476 8.318727017443703e-07 299
1764064617476 8.277389394220111e-07 300
1764064617478 8.236257186932194e-07 301
1764064617479 8.195329374821992e-07 302
1764064617480 8.154604942203983e-07 303
1764064617481 8.114082878439757e-07 304
1764064617482 8.073762177913044e-07 305
1764064617482 8.033641840004671e-07 306
1764064617482 7.993720869067783e-07 307
1764064617483 7.953998274403104e-07 308
1764064617483 7.914473070234387e-07 309
1764064617484 7.875144275683915e-07 310
1764064617484 7.836010914748163e-07 311
1764064617485 7.797072016273613e-07 312
1764064617486 7.758326613932604e-07 313
1764064617486 7.719773746199388e-07 314
1764064617488 7.681412456326241e-07 315
1764064617489 7.643241792319749e-07 316
1764064617490 7.605260806917167e-07 317
1764064617491 7.567468557562887e-07 318
1764064617493 7.529864106385087e-07 319
1764064617494 7.492446520172468e-07 320
1764064617495 7.455214870351013e-07 321
1764064617497 7.418168232961035e-07 322
1764064617498 7.381305688634208e-07 323
1764064617498 7.344626322570739e-07 324
1764064617498 7.308129224516705e-07 325
1764064617499 7.271813488741415e-07 326
1764064617499 7.235678214014948e-07 327
1764064617500 7.199722503585836e-07 328
1764064617500 7.163945465158736e-07 329
1764064617500 7.128346210872355e-07 330
1764064617501 7.092923857277338e-07 331
1764064617501 7.057677525314422e-07 332
1764064617502 7.022606340292575e-07 333
1764064617502 6.987709431867313e-07 334
1764064617502 6.952985934019065e-07 335
1764064617503 6.918434985031716e-07 336
1764064617503 6.884055727471226e-07 337
1764064617504 6.849847308164319e-07 338
1764064617504 6.815808878177351e-07 339
1764064617504 6.781939592795201e-07 340
1764064617505 6.748238611500314e-07 341
1764064617505 6.714705097951909e-07 342
1764064617506 6.681338219965091e-07 343
1764064617506 6.648137149490361e-07 344
1764064617506 6.615101062592923e-07 345
1764064617507 6.582229139432324e-07 346
1764064617507 6.549520564242085e-07 347
1764064617508 6.516974525309448e-07 348
1764064617508 6.484590214955224e-07 349
1764064617508 6.452366829513801e-07 350
1764064617509 6.420303569313106e-07 351
1764064617510 6.388399638654863e-07 352
1764064617512 6.356654245794807e-07 353
1764064617513 6.325066602922964e-07 354
1764064617514 6.293635926144251e-07 355
1764064617516 6.262361435458863e-07 356
1764064617517 6.231242354743024e-07 357
1764064617519 6.200277911729674e-07 358
1764064617520 6.169467337989352e-07 359
1764064617520 6.138809868911065e-07 360
1764064617522 6.108304743683343e-07 361
1764064617524 6.077951205275398e-07 362
1764064617525 6.047748500418258e-07 363
1764064617525 6.017695879586123e-07 364
1764064617525 5.987792596977771e-07 365
1764064617526 5.958037910498004e-07 366
1764064617526 5.928431081739275e-07 367
1764064617527 5.898971375963375e-07 368
1764064617527 5.869658062083146e-07 369
1764064617528 5.840490412644376e-07 370
1764064617528 5.811467703807725e-07 371
1764064617528 5.78258921533079e-07 372
1764064617529 5.753854230550193e-07 373
1764064617529 5.725262036363858e-07 374
1764064617530 5.696811923213237e-07 375
1764064617530 5.668503185065727e-07 376
1764064617531 5.640335119397191e-07 377
1764064617531 5.612307027174496e-07 378
1764064617531 5.584418212838129e-07 379
1764064617532 5.556667984284988e-07 380
1764064617532 5.5290556528512e-07 381
1764064617533 5.501580533294972e-07 382
1764064617533 5.474241943779692e-07 383
1764064617533 5.447039205856922e-07 384
1764064617534 5.419971644449547e-07 385
1764064617534 5.393038587835129e-07 386
1764064617535 5.366239367629117e-07 387
1764064617535 5.339573318768344e-07 388
1764064617535 5.313039779494469e-07 389
1764064617536 5.286638091337601e-07 390
1764064617536 5.260367599099921e-07 391
1764064617536 5.234227650839428e-07 392
1764064617537 5.20821759785378e-07 393
1764064617537 5.182336794664168e-07 394
1764064617538 5.156584598999343e-07 395
1764064617538 5.130960371779605e-07 396
1764064617538 5.105463477101008e-07 397
1764064617539 5.080093282219552e-07 398
1764064617539 5.054849157535491e-07 399
1764064617540 5.029730476577691e-07 400
1764064617540 5.004736615988084e-07 401
1764064617540 4.979866955506237e-07 402
1764064617541 4.955120877953908e-07 403
1764064617541 4.930497769219765e-07 404
1764064617541 4.905997018244132e-07 405
1764064617542 4.881618017003794e-07 406
1764064617542 4.857360160497e-07 407
1764064617543 4.833222846728343e-07 408
1764064617543 4.809205476693882e-07 409
1764064617543 4.785307454366244e-07 410
1764064617544 4.7615281866798796e-07 411
1764064617544 4.7378670835162993e-07 412
1764064617545 4.7143235576894254e-07 413
1764064617545 4.690897024931086e-07 414
1764064617545 4.6675869038764425e-07 415
1764064617546 4.6443926160495677e-07 416
1764064617546 4.6213135858491455e-07 417
1764064617546 4.5983492405341393e-07 418
1764064617547 4.5754990102095933e-07 419
1764064617547 4.552762327812472e-07 420
1764064617548 4.530138629097628e-07 421
1764064617548 4.507627352623771e-07 422
1764064617548 4.485227939739532e-07 423
1764064617549 4.462939834569584e-07 424
1764064617549 4.440762484000911e-07 425
1764064617549 4.4186953376690053e-07 426
1764064617550 4.396737847944272e-07 427
1764064617550 4.3748894699183987e-07 428
1764064617551 4.3531496613908393e-07 429
1764064617551 4.3315178828553625e-07 430
1764064617551 4.309993597486668e-07 431
1764064617552 4.2885762711270775e-07 432
1764064617552 4.2672653722732315e-07 433
1764064617552 4.246060372062967e-07 434
1764064617553 4.2249607442621203e-07 435
1764064617553 4.2039659652515213e-07 436
1764064617554 4.1830755140139785e-07 437
1764064617554 4.162288872121355e-07 438
1764064617554 4.1416055237216895e-07 439
1764064617555 4.121024955526418e-07 440
1764064617555 4.1005466567976234e-07 441
1764064617555 4.0801701193353437e-07 442
1764064617556 4.059894837464995e-07 443
1764064617556 4.039720308024786e-07 444
1764064617557 4.0196460303532567e-07 445
1764064617557 3.9996715062768544e-07 446
1764064617557 3.9797962400975584e-07 447
1764064617558 3.9600197385805947e-07 448
1764064617558 3.94034151094213e-07 449
1764064617559 3.9207610688372457e-07 450
1764064617559 3.9012779263476024e-07 451
1764064617560 3.881891599969572e-07 452
1764064617560 3.862601608602157e-07 453
1764064617561 3.8434074735350504e-07 454
1764064617561 3.824308718436762e-07 455
1764064617562 3.805304869342798e-07 456
1764064617562 3.7863954546438915e-07 457
1764064617562 3.767580005074346e-07 458
1764064617563 3.7488580537003076e-07 459
1764064617563 3.7302291359082493e-07 460
1764064617564 3.711692789393401e-07 461
1764064617564 3.693248554148281e-07 462
1764064617564 3.674895972451314e-07 463
1764064617565 3.6566345888554225e-07 464
1764064617565 3.638463950176753e-07 465
1764064617566 3.620383605483433e-07 466
1764064617566 3.6023931060843715e-07 467
1764064617567 3.5844920055181136e-07 468
1764064617568 3.566679859541774e-07 469
1764064617568 3.548956226120008e-07 470
1764064617569 3.5313206654140627e-07 471
1764064617569 3.5137727397708164e-07 472
1764064617570 3.49631201371197e-07 473
1764064617570 3.478938053923193e-07 474
1764064617571 3.4616504292433857e-07 475
1764064617571 3.4444487106540224e-07 476
1764064617571 3.4273324712684294e-07 477
1764064617572 3.410301286321237e-07 478
1764064617572 3.393354733157848e-07 479
1764064617573 3.3764923912239134e-07 480
1764064617573 3.3597138420549104e-07 481
1764064617573 3.3430186692657507e-07 482
1764064617574 3.3264064585405284e-07 483
1764064617574 3.309876797622059e-07 484
1764064617575 3.29342927630183e-07 485
1764064617575 3.277063486409725e-07 486
1764064617575 3.260779021803906e-07 487
1764064617576 3.244575478360785e-07 488
1764064617576 3.2284524539648926e-07 489
1764064617577 3.212409548499019e-07 490
1764064617577 3.196446363834202e-07 491
1764064617578 3.1805625038198733e-07 492
1764064617578 3.164757574273997e-07 493
1764064617578 3.1490311829733856e-07 494
1764064617579 3.133382939643842e-07 495
1764064617581 3.1178124559505226e-07 496
1764064617583 3.102319345488357e-07 497
1764064617583 3.0869032237723607e-07 498
1764064617584 3.071563708228173e-07 499
