1764064621891 3.6892611994386885e-06 0
1764064621891 3.6710256714935565e-06 1
1764064621892 3.653075709427061e-06 2
1764064621892 3.635410820698989e-06 3
1764064621893 3.6180304875784973e-06 4
1764064621893 3.6009341663946265e-06 5
1764064621894 3.5841212868004424e-06 6
1764064621894 3.567591251052307e-06 7
1764064621894 3.5513434333057887e-06 8
1764064621895 3.535377178929735e-06 9
1764064621895 3.5196918038400284e-06 10
1764064621896 3.5042865938545347e-06 11
1764064621896 3.489160804070774e-06 12
1764064621897 3.474313658267804e-06 13
1764064621897 3.4597443483337933e-06 14
1764064621898 3.4454520337207643e-06 15
1764064621898 3.431435840927917e-06 16
1764064621898 3.4176948630149497e-06 17
1764064621899 3.404228159146734e-06 18
1764064621899 3.3910347541706546e-06 19
1764064621900 3.3781136382278925e-06 20
1764064621900 3.365463766399858e-06 21
1764064621900 3.3530840583909287e-06 22
1764064621902 3.340973398248589e-06 23
1764064621903 3.3291306341219744e-06 24
1764064621903 3.3175545780597798e-06 25
1764064621904 3.3062440058483912e-06 26
1764064621904 3.295197656891022e-06 27
1764064621905 3.2844142341285546e-06 28
1764064621905 3.2738924040026797e-06 29
1764064621905 3.2636307964618565e-06 30
1764064621906 3.2536280050104955e-06 31
1764064621906 3.2438825868016812e-06 32
1764064621907 3.2343930627736434e-06 33
1764064621907 3.2251579178300798e-06 34
1764064621908 3.2161756010643357e-06 35
1764064621908 3.207444526027333e-06 36
1764064621908 3.198963071039033e-06 37
1764064621909 3.190729579543115e-06 38
1764064621909 3.1827423605044458e-06 39
1764064621910 3.1749996888488107e-06 40
1764064621910 3.1674998059442624e-06 41
1764064621910 3.1602409201233564e-06 42
1764064621911 3.1532212072454355e-06 43
1764064621911 3.146438811298027e-06 44
1764064621912 3.1398918450363176e-06 45
1764064621912 3.1335783906595923e-06 46
1764064621912 3.127496500523428e-06 47
1764064621913 3.121644197886359e-06 48
1764064621913 3.1160194776896294e-06 49
1764064621914 3.110620307368615e-06 50
1764064621914 3.105444627694389e-06 51
1764064621915 3.1004903536438715e-06 52
1764064621915 3.0957553752969296e-06 53
1764064621915 3.0912375587587563e-06 54
1764064621916 3.086934747105802e-06 55
1764064621916 3.0828447613534956e-06 56
1764064621917 3.0789654014439696e-06 57
1764064621917 3.0752944472519583e-06 58
1764064621918 3.071829659607037e-06 59
1764064621918 3.0685687813303474e-06 60
1764064621918 3.0655095382839405e-06 61
1764064621919 3.0626496404308867e-06 62
1764064621919 3.059986782904281e-06 63
1764064621920 3.057518647083303e-06 64
1764064621920 3.055242901674493e-06 65
1764064621921 3.053157203796438e-06 66
1764064621921 3.0512592000660814e-06 67
1764064621921 3.049546527684891e-06 68
1764064621922 3.0480168155231906e-06 69
1764064621922 3.04666768520095e-06 70
1764064621923 3.0454967521634274e-06 71
1764064621923 3.0445016267500528e-06 72
1764064621923 3.043679915255053e-06 73
1764064621924 3.043029220978304e-06 74
1764064621924 3.0425471452650242e-06 75
1764064621925 3.042231288532934e-06 76
1764064621925 3.0420792512855863e-06 77
1764064621925 3.042088635110647e-06 78
1764064621926 3.0422570436619548e-06 79
1764064621926 3.0425820836242597e-06 80
1764064621927 3.043061365659632e-06 81
1764064621927 3.0436925053345594e-06 82
1764064621927 3.0444731240268596e-06 83
1764064621928 3.0454008498115873e-06 84
1764064621928 3.0464733183251865e-06 85
1764064621929 3.0476881736072017e-06 86
1764064621929 3.049043068918951e-06 87
1764064621930 3.0505356675386064e-06 88
1764064621930 3.0521636435322053e-06 89
1764064621930 3.05392468250019e-06 90
1764064621931 3.0558164822991194e-06 91
1764064621931 3.0578367537382676e-06 92
1764064621932 3.0599832212508915e-06 93
1764064621932 3.0622536235399927e-06 94
1764064621932 3.0646457141984665e-06 95
1764064621933 3.0671572623035845e-06 96
1764064621933 3.0697860529857943e-06 97
1764064621934 3.072529887971911e-06 98
1764064621934 3.0753865861027502e-06 99
1764064621934 3.0783539838253854e-06 100
1764064621935 3.0814299356601776e-06 101
1764064621935 3.084612314642813e-06 102
1764064621936 3.0878990127416116e-06 103
1764064621936 3.0912879412503805e-06 104
1764064621936 3.0947770311571655e-06 105
1764064621937 3.0983642334892386e-06 106
1764064621937 3.1020475196347112e-06 107
1764064621938 3.1058248816411916e-06 108
1764064621938 3.1096943324919138e-06 109
1764064621939 3.113653906359792e-06 110
1764064621939 3.1177016588398905e-06 111
1764064621939 3.1218356671607755e-06 112
1764064621940 3.126054030375288e-06 113
1764064621940 3.130354869531225e-06 114
1764064621941 3.134736327822486e-06 115
1764064621941 3.139196570721211e-06 116
1764064621941 3.1437337860914707e-06 117
1764064621942 3.148346184285039e-06 118
1764064621942 3.153031998219836e-06 119
1764064621943 3.157789483441588e-06 120
1764064621943 3.162616918169257e-06 121
1764064621943 3.1675126033248264e-06 122
1764064621944 3.1724748625479844e-06 123
1764064621944 3.177502042196275e-06 124
1764064621945 3.1825925113312685e-06 125
1764064621945 3.1877446616913065e-06 126
1764064621946 3.19295690765136e-06 127
1764064621946 3.198227686170559e-06 128
1764064621946 3.2035554567279e-06 129
1764064621947 3.208938701246684e-06 130
1764064621947 3.2143759240081802e-06 131
1764064621948 3.219865651555045e-06 132
1764064621948 3.22540643258497e-06 133
1764064621948 3.2309968378350783e-06 134
1764064621949 3.2366354599575153e-06 135
1764064621949 3.2423209133867313e-06 136
1764064621950 3.2480518341988904e-06 137
1764064621950 3.253826879963871e-06 138
1764064621950 3.2596447295902715e-06 139
1764064621951 3.265504083163859e-06 140
1764064621951 3.271403661779876e-06 141
1764064621952 3.2773422073695764e-06 142
1764064621952 3.283318482521412e-06 143
1764064621952 3.289331270297232e-06 144
1764064621953 3.295379374043839e-06 145
1764064621953 3.3014616172002857e-06 146
1764064621954 3.3075768431012296e-06 147
1764064621954 3.313723914776678e-06 148
1764064621954 3.3199017147484475e-06 149
1764064621955 3.326109144823623e-06 150
1764064621955 3.332345125885335e-06 151
1764064621956 3.338608597681113e-06 152
1764064621956 3.3448985186091013e-06 153
1764064621956 3.3512138655023918e-06 154
1764064621957 3.3575536334117166e-06 155
1764064621957 3.3639168353867534e-06 156
1764064621958 3.3703025022562543e-06 157
1764064621958 3.3767096824072348e-06 158
1764064621958 3.383137441563412e-06 159
1764064621959 3.3895848625631093e-06 160
1764064621959 3.396051045136803e-06 161
1764064621960 3.4025351056845e-06 162
1764064621960 3.409036177053113e-06 163
1764064621960 3.4155534083140005e-06 164
1764064621961 3.422085964540822e-06 165
1764064621961 3.42863302658786e-06 166
1764064621962 3.435193790868942e-06 167
1764064621962 3.441767469137099e-06 168
1764064621962 3.448353288265079e-06 169
1764064621963 3.454950490026843e-06 170
1764064621963 3.461558330880135e-06 171
1764064621964 3.4681760817502485e-06 172
1764064621964 3.474803027815078e-06 173
1764064621964 3.481438468291542e-06 174
1764064621965 3.4880817162234704e-06 175
1764064621965 3.494732098271036e-06 176
1764064621966 3.501388954501793e-06 177
1764064621966 3.508051638183404e-06 178
1764064621966 3.5147195155781137e-06 179
1764064621967 3.521391965739027e-06 180
1764064621967 3.528068380308245e-06 181
1764064621968 3.534748163316911e-06 182
1764064621968 3.5414307309872186e-06 183
1764064621968 3.548115511536402e-06 184
1764064621969 3.554801944982772e-06 185
1764064621969 3.561489482953818e-06 186
1764064621970 3.568177588496398e-06 187
1764064621970 3.574865735889068e-06 188
1764064621971 3.5815534104565486e-06 189
1764064621971 3.5882401083863673e-06 190
1764064621971 3.594925336547684e-06 191
1764064621972 3.601608612312321e-06 192
1764064621972 3.608289463378006e-06 193
1764064621973 3.6149674275938398e-06 194
1764064621973 3.621642052787996e-06 195
1764064621973 3.628312896597658e-06 196
1764064621974 3.6349795263011956e-06 197
1764064621974 3.6416415186525843e-06 198
1764064621975 3.6482984597180657e-06 199
1764064621975 3.654949944715042e-06 200
1764064621975 3.6615955778532143e-06 201
1764064621976 3.668234972177939e-06 202
1764064621976 3.674867749415811e-06 203
1764064621977 3.681493539822462e-06 204
1764064621977 3.688111982032555e-06 205
1764064621977 3.694722722911977e-06 206
1764064621978 3.701325417412209e-06 207
1764064621978 3.707919728426859e-06 208
1764064621979 3.7145053266503555e-06 209
1764064621979 3.7210818904387686e-06 210
1764064621980 3.7276491056727566e-06 211
1764064621980 3.7342066656226193e-06 212
1764064621981 3.740754270815426e-06 213
1764064621981 3.7472916289042295e-06 214
1764064621981 3.753818454539311e-06 215
1764064621983 3.7603344692414703e-06 216
1764064621983 3.7668394012773124e-06 217
1764064621986 3.773332985536533e-06 218
1764064621987 3.779814963411169e-06 219
1764064621987 3.7862850826767954e-06 220
1764064621988 3.792743097375647e-06 221
1764064621988 3.7991887677016516e-06 222
1764064621989 3.8056218598873346e-06 223
1764064621989 3.8120421460925857e-06 224
1764064621990 3.81844940429527e-06 225
1764064621990 3.8248434181836435e-06 226
1764064621990 3.8312239770505635e-06 227
1764064621991 3.837590875689469e-06 228
1764064621991 3.843943914292104e-06 229
1764064621992 3.850282898347967e-06 230
1764064621992 3.856607638545449e-06 231
1764064621992 3.8629179506746634e-06 232
1764064621993 3.869213655531917e-06 233
1764064621993 3.875494578825808e-06 234
1764064621994 3.881760551084949e-06 235
1764064621994 3.8880114075672515e-06 236
1764064621995 3.894246988170782e-06 237
1764064621995 3.900467137346159e-06 238
1764064621996 3.906671704010461e-06 239
1764064621996 3.912860541462623e-06 240
1764064621996 3.9190335073003145e-06 241
1764064621997 3.925190463338255e-06 242
1764064621997 3.931331275527961e-06 243
1764064621998 3.937455813878894e-06 244
1764064621998 3.943563952380996e-06 245
1764064621998 3.949655568928577e-06 246
1764064621999 3.95573054524555e-06 247
1764064621999 3.96178876681198e-06 248
1764064622000 3.967830122791927e-06 249
1764064622000 3.973854505962572e-06 250
1764064622000 3.979861812644597e-06 251
1764064622001 3.98585194263379e-06 252
1764064622001 3.991824799133882e-06 253
1764064622002 3.997780288690565e-06 254
1764064622002 4.003718321126695e-06 255
1764064622003 4.009638809478641e-06 256
1764064622003 4.015541669933783e-06 257
1764064622004 4.0214268217691135e-06 258
1764064622004 4.027294187290956e-06 259
1764064622004 4.033143691775745e-06 260
1764064622005 4.038975263411881e-06 261
1764064622005 4.044788833242625e-06 262
1764064622006 4.050584335110022e-06 263
1764064622006 4.056361705599832e-06 264
1764064622007 4.062120883987446e-06 265
1764064622007 4.067861812184794e-06 266
1764064622007 4.073584434688194e-06 267
1764064622008 4.079288698527149e-06 268
1764064622008 4.084974553214065e-06 269
1764064622009 4.090641950694892e-06 270
1764064622009 4.096290845300634e-06 271
1764064622009 4.101921193699759e-06 272
1764064622010 4.107532954851461e-06 273
1764064622010 4.113126089959768e-06 274
1764064622011 4.118700562428482e-06 275
1764064622011 4.1242563378169454e-06 276
1764064622011 4.1297933837966015e-06 277
1764064622012 4.13531167010834e-06 278
1764064622012 4.1408111685206314e-06 279
1764064622013 4.146291852788415e-06 280
1764064622013 4.151753698612727e-06 281
1764064622013 4.157196683601077e-06 282
1764064622014 4.162620787228538e-06 283
1764064622014 4.168025990799544e-06 284
1764064622015 4.173412277410388e-06 285
1764064622015 4.178779631912398e-06 286
1764064622015 4.184128040875786e-06 287
1764064622016 4.189457492554164e-06 288
1764064622016 4.194767976849691e-06 289
1764064622017 4.20005948527887e-06 290
1764064622017 4.2053320109389615e-06 291
1764064622017 4.210585548475015e-06 292
1764064622018 4.215820094047498e-06 293
1764064622018 4.221035645300516e-06 294
1764064622019 4.226232201330619e-06 295
1764064622019 4.231409762656172e-06 296
1764064622020 4.2365683311872856e-06 297
1764064622020 4.241707910196298e-06 298
1764064622020 4.246828504288799e-06 299
1764064622021 4.251930119375174e-06 300
1764064622021 4.257012762642686e-06 301
1764064622022 4.262076442528044e-06 302
1764064622022 4.267121168690503e-06 303
1764064622022 4.272146951985423e-06 304
1764064622023 4.277153804438344e-06 305
1764064622023 4.282141739219507e-06 306
1764064622024 4.2871107706188676e-06 307
1764064622024 4.2920609140215445e-06 308
1764064622024 4.296992185883736e-06 309
1764064622025 4.301904603709061e-06 310
1764064622025 4.306798186025346e-06 311
1764064622026 4.311672952361836e-06 312
1764064622026 4.316528923226815e-06 313
1764064622026 4.321366120085647e-06 314
1764064622027 4.326184565339206e-06 315
1764064622027 4.330984282302725e-06 316
1764064622028 4.335765295185003e-06 317
1764064622028 4.3405276290680146e-06 318
1764064622029 4.345271309886891e-06 319
1764064622029 4.34999636441026e-06 320
1764064622030 4.354702820220959e-06 321
1764064622030 4.3593907056970825e-06 322
1764064622031 4.364060049993404e-06 323
1764064622031 4.368710883023118e-06 324
1764064622031 4.3733432354399256e-06 325
1764064622032 4.377957138620452e-06 326
1764064622032 4.382552624646979e-06 327
1764064622033 4.387129726290504e-06 328
1764064622033 4.391688476994104e-06 329
1764064622033 4.396228910856613e-06 330
1764064622034 4.400751062616587e-06 331
1764064622034 4.405254967636576e-06 332
1764064622035 4.4097406618876875e-06 333
1764064622035 4.414208181934421e-06 334
1764064622035 4.418657564919792e-06 335
1764064622036 4.4230888485507275e-06 336
1764064622036 4.427502071083738e-06 337
1764064622037 4.431897271310835e-06 338
1764064622037 4.4362744885457315e-06 339
1764064622038 4.44063376261028e-06 340
1764064622038 4.444975133821171e-06 341
1764064622038 4.449298642976872e-06 342
1764064622039 4.45360433134481e-06 343
1764064622039 4.457892240648791e-06 344
1764064622040 4.462162413056652e-06 345
1764064622040 4.466414891168145e-06 346
1764064622040 4.470649718003034e-06 347
1764064622041 4.474866936989432e-06 348
1764064622041 4.479066591952335e-06 349
1764064622041 4.48324872710238e-06 350
1764064622042 4.487413387024809e-06 351
1764064622042 4.491560616668639e-06 352
1764064622043 4.49569046133603e-06 353
1764064622043 4.499802966671854e-06 354
1764064622043 4.503898178653458e-06 355
1764064622044 4.507976143580618e-06 356
1764064622044 4.512036908065675e-06 357
1764064622045 4.516080519023867e-06 358
1764064622045 4.5201070236638255e-06 359
1764064622045 4.524116469478264e-06 360
1764064622046 4.5281089042348365e-06 361
1764064622046 4.5320843759671566e-06 362
1764064622046 4.536042932966003e-06 363
1764064622047 4.539984623770676e-06 364
1764064622047 4.543909497160524e-06 365
1764064622048 4.547817602146622e-06 366
1764064622048 4.551708987963615e-06 367
1764064622048 4.555583704061709e-06 368
1764064622049 4.559441800098813e-06 369
1764064622049 4.563283325932834e-06 370
1764064622050 4.567108331614117e-06 371
1764064622050 4.570916867378016e-06 372
1764064622050 4.574708983637626e-06 373
1764064622051 4.578484730976634e-06 374
1764064622051 4.58224416014232e-06 375
1764064622051 4.585987322038681e-06 376
1764064622052 4.589714267719688e-06 377
1764064622052 4.593425048382679e-06 378
1764064622053 4.5971197153618635e-06 379
1764064622053 4.6007983201219676e-06 380
1764064622053 4.60446091425199e-06 381
1764064622054 4.608107549459077e-06 382
1764064622054 4.611738277562524e-06 383
1764064622055 4.615353150487882e-06 384
1764064622055 4.618952220261184e-06 385
1764064622055 4.622535539003283e-06 386
1764064622056 4.626103158924295e-06 387
1764064622056 4.629655132318151e-06 388
1764064622057 4.633191511557258e-06 389
1764064622057 4.636712349087258e-06 390
1764064622057 4.640217697421897e-06 391
1764064622058 4.643707609137981e-06 392
1764064622058 4.647182136870449e-06 393
1764064622058 4.650641333307521e-06 394
1764064622059 4.654085251185961e-06 395
1764064622059 4.657513943286418e-06 396
1764064622060 4.660927462428866e-06 397
1764064622060 4.664325861468136e-06 398
1764064622060 4.6677091932895286e-06 399
1764064622061 4.67107751080452e-06 400
1764064622061 4.674430866946554e-06 401
1764064622062 4.677769314666908e-06 402
1764064622062 4.681092906930654e-06 403
1764064622062 4.684401696712694e-06 404
1764064622063 4.687695736993875e-06 405
1764064622063 4.690975080757184e-06 406
1764064622063 4.694239780984015e-06 407
1764064622064 4.697489890650521e-06 408
1764064622064 4.70072546272403e-06 409
1764064622065 4.703946550159538e-06 410
1764064622065 4.707153205896274e-06 411
1764064622065 4.710345482854336e-06 412
1764064622066 4.713523433931393e-06 413
1764064622066 4.716687111999455e-06 414
1764064622067 4.719836569901716e-06 415
1764064622067 4.722971860449452e-06 416
1764064622067 4.7260930364189926e-06 417
1764064622068 4.729200150548749e-06 418
1764064622068 4.732293255536313e-06 419
1764064622068 4.735372404035601e-06 420
1764064622069 4.738437648654077e-06 421
1764064622069 4.741489041950024e-06 422
1764064622070 4.744526636429872e-06 423
1764064622070 4.747550484545588e-06 424
1764064622070 4.750560638692118e-06 425
1764064622071 4.753557151204884e-06 426
1764064622071 4.756540074357344e-06 427
1764064622071 4.759509460358589e-06 428
1764064622072 4.762465361351e-06 429
1764064622072 4.7654078294079654e-06 430
1764064622073 4.768336916531634e-06 431
1764064622073 4.77125267465072e-06 432
1764064622073 4.7741551556183646e-06 433
1764064622074 4.777044411210042e-06 434
1764064622074 4.779920493121506e-06 435
1764064622074 4.78278345296679e-06 436
1764064622075 4.7856333422762475e-06 437
1764064622075 4.788470212494642e-06 438
1764064622076 4.791294114979275e-06 439
1764064622076 4.794105100998162e-06 440
1764064622076 4.796903221728247e-06 441
1764064622077 4.799688528253658e-06 442
1764064622077 4.802461071564008e-06 443
1764064622078 4.805220902552728e-06 444
1764064622078 4.807968072015451e-06 445
1764064622078 4.810702630648422e-06 446
1764064622079 4.8134246290469525e-06 447
1764064622079 4.816134117703916e-06 448
1764064622079 4.8188311470082644e-06 449
1764064622080 4.821515767243607e-06 450
1764064622080 4.824188028586795e-06 451
1764064622081 4.826847981106563e-06 452
1764064622081 4.829495674762195e-06 453
1764064622081 4.8321311594022245e-06 454
1764064622082 4.834754484763166e-06 455
1764064622082 4.837365700468289e-06 456
1764064622082 4.839964856026407e-06 457
1764064622083 4.842552000830714e-06 458
1764064622083 4.845127184157642e-06 459
1764064622084 4.847690455165747e-06 460
1764064622084 4.8502418628946355e-06 461
1764064622084 4.852781456263912e-06 462
1764064622085 4.8553092840721496e-06 463
1764064622085 4.857825394995906e-06 464
1764064622085 4.860329837588746e-06 465
1764064622086 4.862822660280312e-06 466
1764064622086 4.865303911375403e-06 467
1764064622087 4.867773639053088e-06 468
1764064622087 4.870231891365849e-06 469
1764064622087 4.872678716238744e-06 470
1764064622088 4.875114161468591e-06 471
1764064622088 4.877538274723183e-06 472
1764064622088 4.879951103540528e-06 473
1764064622089 4.882352695328108e-06 474
1764064622089 4.884743097362155e-06 475
1764064622090 4.88712235678697e-06 476
1764064622090 4.889490520614243e-06 477
1764064622090 4.8918476357224e-06 478
1764064622091 4.894193748855985e-06 479
1764064622091 4.8965289066250435e-06 480
1764064622091 4.898853155504542e-06 481
1764064622092 4.901166541833794e-06 482
1764064622092 4.903469111815925e-06 483
1764064622093 4.905760911517332e-06 484
1764064622093 4.908041986867192e-06 485
1764064622093 4.910312383656958e-06 486
1764064622094 4.912572147539899e-06 487
1764064622094 4.914821324030646e-06 488
1764064622095 4.917059958504756e-06 489
1764064622095 4.919288096198298e-06 490
1764064622095 4.921505782207454e-06 491
1764064622096 4.923713061488136e-06 492
1764064622096 4.9259099788556194e-06 493
1764064622096 4.928096578984203e-06 494
1764064622097 4.930272906406859e-06 495
1764064622099 4.932439005514935e-06 496
1764064622101 4.934594920557836e-06 497
1764064622101 4.936740695642751e-06 498
1764064622102 4.938876374734373e-06 499
