1764064626928 3.302084231324528e-06 0
1764064626929 3.286748133376041e-06 1
1764064626931 3.271642464919311e-06 2
1764064626932 3.2567668603151843e-06 3
1764064626934 3.2421209350935735e-06 4
1764064626937 3.2277042854316516e-06 5
1764064626939 3.213516487641393e-06 6
1764064626940 3.1995570976674018e-06 7
1764064626941 3.1858256505959967e-06 8
1764064626944 3.17232166017651e-06 9
1764064626945 3.159044618355762e-06 10
1764064626945 3.1459939948266767e-06 11
1764064626946 3.1331692365919885e-06 12
1764064626946 3.1205697675440005e-06 13
1764064626946 3.1081949880613233e-06 14
1764064626947 3.0960442746235234e-06 15
1764064626947 3.084116979444597e-06 16
1764064626948 3.072412430126156e-06 17
1764064626948 3.0609299293311846e-06 18
1764064626949 3.049668754479231e-06 19
1764064626949 3.038628157463828e-06 20
1764064626951 3.027807364392933e-06 21
1764064626952 3.017205575353139e-06 22
1764064626952 3.0068219641983584e-06 23
1764064626953 2.9966556783636554e-06 24
1764064626953 2.9867058387048533e-06 25
1764064626954 2.9769715393644925e-06 26
1764064626955 2.967451847664678e-06 27
1764064626957 2.9581458040272925e-06 28
1764064626958 2.9490524219220084e-06 29
1764064626958 2.940170687842465e-06 30
1764064626959 2.931499561310938e-06 31
1764064626959 2.9230379749117464e-06 32
1764064626960 2.914784834353607e-06 33
1764064626960 2.906739018561058e-06 34
1764064626960 2.8988993797950436e-06 35
1764064626961 2.891264743802652e-06 36
1764064626961 2.8838339099959637e-06 37
1764064626962 2.876605651659893e-06 38
1764064626962 2.8695787161888336e-06 39
1764064626963 2.8627518253518698e-06 40
1764064626963 2.8561236755862367e-06 41
1764064626964 2.8496929383186674e-06 42
1764064626964 2.8434582603141774e-06 43
1764064626964 2.8374182640518082e-06 44
1764064626965 2.8315715481267596e-06 45
1764064626965 2.8259166876783103e-06 46
1764064626966 2.820452234842851e-06 47
1764064626966 2.8151767192313083e-06 48
1764064626966 2.8100886484301957e-06 49
1764064626967 2.805186508525447e-06 50
1764064626967 2.8004687646481957e-06 51
1764064626968 2.7959338615415493e-06 52
1764064626968 2.791580224147444e-06 53
1764064626969 2.787406258212556e-06 54
1764064626969 2.7834103509122714e-06 55
1764064626969 2.77959087149164e-06 56
1764064626970 2.7759461719222404e-06 57
1764064626970 2.772474587573848e-06 58
1764064626971 2.7691744378997747e-06 59
1764064626971 2.7660440271347435e-06 60
1764064626971 2.7630816450041302e-06 61
1764064626972 2.760285567443416e-06 62
1764064626972 2.757654057326669e-06 63
1764064626973 2.7551853652028793e-06 64
1764064626973 2.7528777300389845e-06 65
1764064626974 2.7507293799683862e-06 66
1764064626976 2.7487385330438305e-06 67
1764064626978 2.7469033979934628e-06 68
1764064626980 2.7452221749789433e-06 69
1764064626981 2.7436930563544828e-06 70
1764064626983 2.7423142274257044e-06 71
1764064626984 2.741083867207243e-06 72
1764064626986 2.740000149178027e-06 73
1764064626987 2.7390612420332113e-06 74
1764064626987 2.7382653104317584e-06 75
1764064626988 2.737610515738699e-06 76
1764064626988 2.737095016761126e-06 77
1764064626989 2.7367169704770336e-06 78
1764064626989 2.73647453275612e-06 79
1764064626992 2.736365859071726e-06 80
1764064626995 2.7363891052031307e-06 81
1764064626995 2.736542427927431e-06 82
1764064626996 2.736823985700315e-06 83
1764064626996 2.7372319393250406e-06 84
1764064626997 2.7377644526090036e-06 85
1764064626997 2.738419693007303e-06 86
1764064626997 2.7391958322527505e-06 87
1764064626998 2.740091046971834e-06 88
1764064626998 2.741103519286165e-06 89
1764064626999 2.742231437398987e-06 90
1764064626999 2.743472996166371e-06 91
1764064627000 2.7448263976527603e-06 92
1764064627000 2.746289851670552e-06 93
1764064627000 2.747861576303477e-06 94
1764064627001 2.7495397984135345e-06 95
1764064627001 2.7513227541313096e-06 96
1764064627002 2.753208689329526e-06 97
1764064627002 2.75519586007971e-06 98
1764064627002 2.757282533091901e-06 99
1764064627003 2.7594669861373463e-06 100
1764064627004 2.761747508454191e-06 101
1764064627006 2.7641224011361404e-06 102
1764064627007 2.766589977504183e-06 103
1764064627009 2.7691485634614114e-06 104
1764064627011 2.7717964978310628e-06 105
1764064627012 2.77453213267789e-06 106
1764064627014 2.7773538336130164e-06 107
1764064627016 2.7802599800824417e-06 108
1764064627018 2.7832489656393917e-06 109
1764064627020 2.7863191982007132e-06 110
1764064627020 2.789469100287559e-06 111
1764064627021 2.792697109250583e-06 112
1764064627021 2.7960016774799285e-06 113
1764064627022 2.7993812726002652e-06 114
1764064627022 2.802834377651174e-06 115
1764064627023 2.806359491253171e-06 116
1764064627023 2.809955127759675e-06 117
1764064627023 2.813619817395249e-06 118
1764064627024 2.8173521063804305e-06 119
1764064627024 2.821150557043483e-06 120
1764064627025 2.8250137479194107e-06 121
1764064627025 2.8289402738365793e-06 122
1764064627026 2.832928745991295e-06 123
1764064627026 2.836977792010673e-06 124
1764064627026 2.8410860560041767e-06 125
1764064627027 2.845252198604154e-06 126
1764064627027 2.8494748969957452e-06 127
1764064627028 2.8537528449365005e-06 128
1764064627028 2.8580847527660803e-06 129
1764064627028 2.862469347406364e-06 130
1764064627029 2.866905372352341e-06 131
1764064627031 2.8713915876541176e-06 132
1764064627032 2.8759267698903903e-06 133
1764064627033 2.8805097121337138e-06 134
1764064627035 2.8851392239079175e-06 135
1764064627036 2.889814131137989e-06 136
1764064627038 2.8945332760927505e-06 137
1764064627039 2.8992955173206605e-06 138
1764064627039 2.90409972957904e-06 139
1764064627040 2.908944803757053e-06 140
1764064627041 2.9138296467927213e-06 141
1764064627043 2.9187531815842946e-06 142
1764064627043 2.9237143468962437e-06 143
1764064627044 2.9287120972601845e-06 144
1764064627044 2.93374540287099e-06 145
1764064627045 2.9388132494783714e-06 146
1764064627045 2.943914638274188e-06 147
1764064627046 2.9490485857757454e-06 148
1764064627047 2.954214123705323e-06 149
1764064627049 2.9594102988661906e-06 150
1764064627051 2.9646361730153226e-06 151
1764064627053 2.9698908227330648e-06 152
1764064627054 2.9751733392899532e-06 153
1764064627055 2.9804828285109104e-06 154
1764064627055 2.9858184106370263e-06 155
1764064627056 2.9911792201851096e-06 156
1764064627056 2.99656440580522e-06 157
1764064627057 3.0019731301363583e-06 158
1764064627057 3.0074045696604872e-06 159
1764064627057 3.0128579145550704e-06 160
1764064627058 3.018332368544283e-06 161
1764064627058 3.023827148749055e-06 162
1764064627059 3.029341485536108e-06 163
1764064627059 3.0348746223661224e-06 164
1764064627060 3.040425815641182e-06 165
1764064627060 3.0459943345516295e-06 166
1764064627060 3.0515794609224606e-06 167
1764064627061 3.0571804890593812e-06 168
1764064627061 3.062796725594647e-06 169
1764064627062 3.068427489332795e-06 170
1764064627062 3.0740721110963725e-06 171
1764064627062 3.079729933571778e-06 172
1764064627067 3.085400311155291e-06 173
1764064627069 3.0910826097993995e-06 174
1764064627070 3.09677620685951e-06 175
1764064627071 3.102480490941112e-06 176
1764064627071 3.1081948617474943e-06 177
1764064627072 3.113918729928067e-06 178
1764064627072 3.11965151692738e-06 179
1764064627073 3.125392654834887e-06 180
1764064627073 3.1311415862355284e-06 181
1764064627074 3.1368977640611853e-06 182
1764064627074 3.1426606514430686e-06 183
1764064627074 3.148429721565081e-06 184
1764064627075 3.1542044575182166e-06 185
1764064627077 3.1599843521560296e-06 186
1764064627079 3.1657689079512233e-06 187
1764064627081 3.1715576368533915e-06 188
1764064627082 3.1773500601479576e-06 189
1764064627084 3.1831457083163353e-06 190
1764064627086 3.188944120897346e-06 191
1764064627086 3.1947448463499266e-06 192
1764064627087 3.200547441917143e-06 193
1764064627087 3.206351473491542e-06 194
1764064627088 3.212156515481857e-06 195
1764064627088 3.2179621506810954e-06 196
1764064627089 3.223767970136013e-06 197
1764064627089 3.229573573017999e-06 198
1764064627090 3.2353785664953876e-06 199
1764064627090 3.241182565607198e-06 200
1764064627090 3.246985193138321e-06 201
1764064627091 3.2527860794961597e-06 202
1764064627091 3.258584862588731e-06 203
1764064627092 3.264381187704229e-06 204
1764064627094 3.2701747073920592e-06 205
1764064627096 3.2759650813453496e-06 206
1764064627098 3.2817519762849312e-06 207
1764064627099 3.2875350658447954e-06 208
1764064627101 3.2933140304590255e-06 209
1764064627103 3.2990885572502036e-06 210
1764064627104 3.3048583399192803e-06 211
1764064627104 3.31062307863692e-06 212
1764064627105 3.3163824799363003e-06 213
1764064627105 3.322136256607377e-06 214
1764064627106 3.3278841275925877e-06 215
1764064627108 3.3336258178840124e-06 216
1764064627109 3.33936105842196e-06 217
1764064627109 3.3450895859949907e-06 218
1764064627110 3.350811143141352e-06 219
1764064627110 3.356525478051829e-06 220
1764064627111 3.362232344473995e-06 221
1764064627111 3.36793150161785e-06 222
1764064627112 3.373622714062841e-06 223
1764064627112 3.3793057516662475e-06 224
1764064627112 3.384980389472929e-06 225
1764064627113 3.3906464076264114e-06 226
1764064627113 3.3963035912813102e-06 227
1764064627114 3.4019517305170706e-06 228
1764064627114 3.407590620253019e-06 229
1764064627115 3.4132200601647053e-06 230
1764064627115 3.4188398546015244e-06 231
1764064627115 3.424449812505613e-06 232
1764064627116 3.4300497473319894e-06 233
1764064627116 3.4356394769699428e-06 234
1764064627117 3.441218823665643e-06 235
1764064627117 3.446787613945963e-06 236
1764064627118 3.452345678543503e-06 237
1764064627118 3.4578928523227906e-06 238
1764064627118 3.4634289742076586e-06 239
1764064627119 3.468953887109772e-06 240
1764064627119 3.474467437858295e-06 241
1764064627120 3.4799694771306907e-06 242
1764064627120 3.4854598593846246e-06 243
1764064627120 3.4909384427909668e-06 244
1764064627121 3.4964050891678834e-06 245
1764064627121 3.5018596639159846e-06 246
1764064627122 3.507302035954538e-06 247
1764064627122 3.512732077658714e-06 248
1764064627123 3.51814966479786e-06 249
1764064627129 3.5235546764747827e-06 250
1764064627130 3.52894699506603e-06 251
1764064627131 3.5343265061631546e-06 252
1764064627133 3.5396930985149455e-06 253
1764064627135 3.5450466639706133e-06 254
1764064627136 3.55038709742392e-06 255
1764064627136 3.5557142967582337e-06 256
1764064627137 3.5610281627924948e-06 257
1764064627137 3.5663285992280845e-06 258
1764064627138 3.5716155125965824e-06 259
1764064627138 3.5768888122083905e-06 260
1764064627138 3.5821484101022225e-06 261
1764064627139 3.5873942209954407e-06 262
1764064627139 3.5926261622352214e-06 263
1764064627140 3.597844153750548e-06 264
1764064627140 3.603048118005008e-06 265
1764064627141 3.6082379799503894e-06 266
1764064627143 3.6134136669810575e-06 267
1764064627145 3.6185751088891037e-06 268
1764064627149 3.623722237820258e-06 269
1764064627151 3.6288549882305415e-06 270
1764064627153 3.633973296843658e-06 271
1764064627155 3.639077102609112e-06 272
1764064627155 3.644166346661034e-06 273
1764064627156 3.6492409722777066e-06 274
1764064627156 3.6543009248417846e-06 275
1764064627156 3.659346151801188e-06 276
1764064627157 3.664376602630667e-06 277
1764064627157 3.669392228794019e-06 278
1764064627158 3.674392983706954e-06 279
1764064627159 3.679378822700596e-06 280
1764064627160 3.6843497029856047e-06 281
1764064627160 3.6893055836169174e-06 282
1764064627161 3.694246425459092e-06 283
1764064627161 3.6991721911522433e-06 284
1764064627162 3.7040828450785667e-06 285
1764064627162 3.7089783533294362e-06 286
1764064627163 3.7138586836730645e-06 287
1764064627163 3.7187238055227243e-06 288
1764064627164 3.723573689905512e-06 289
1764064627164 3.728408309431649e-06 290
1764064627164 3.7332276382643143e-06 291
1764064627165 3.738031652089995e-06 292
1764064627165 3.7428203280893455e-06 293
1764064627166 3.7475936449085552e-06 294
1764064627167 3.7523515826312e-06 295
1764064627168 3.757094122750591e-06 296
1764064627169 3.7618212481425905e-06 297
1764064627169 3.766532943038903e-06 298
1764064627170 3.7712291930008245e-06 299
1764064627170 3.7759099848934477e-06 300
1764064627170 3.78057530686031e-06 301
1764064627171 3.7852251482984825e-06 302
1764064627173 3.789859499834086e-06 303
1764064627176 3.7944783532982344e-06 304
1764064627177 3.7990817017033916e-06 305
1764064627178 3.8036695392201386e-06 306
1764064627179 3.8082418611543408e-06 307
1764064627179 3.812798663924712e-06 308
1764064627179 3.817339945040768e-06 309
1764064627180 3.821865703081157e-06 310
1764064627185 3.826375937672374e-06 311
1764064627185 3.830870649467831e-06 312
1764064627186 3.835349840127304e-06 313
1764064627186 3.839813512296723e-06 314
1764064627187 3.8442616695883274e-06 315
1764064627187 3.848694316561144e-06 316
1764064627187 3.853111458701828e-06 317
1764064627188 3.857513102405813e-06 318
1764064627188 3.861899254958808e-06 319
1764064627189 3.8662699245186e-06 320
1764064627189 3.870625120097179e-06 321
1764064627189 3.874964851543174e-06 322
1764064627190 3.879289129524592e-06 323
1764064627190 3.883597965511854e-06 324
1764064627191 3.887891371761128e-06 325
1764064627191 3.892169361297954e-06 326
1764064627191 3.896431947901147e-06 327
1764064627192 3.900679146086984e-06 328
1764064627192 3.904910971093663e-06 329
1764064627193 3.909127438866036e-06 330
1764064627193 3.913328566040603e-06 331
1764064627193 3.917514369930765e-06 332
1764064627194 3.921684868512338e-06 333
1764064627194 3.92584008040932e-06 334
1764064627195 3.929980024879895e-06 335
1764064627195 3.934104721802697e-06 336
1764064627195 3.938214191663293e-06 337
1764064627196 3.942308455540918e-06 338
1764064627196 3.946387535095432e-06 339
1764064627197 3.9504514525545035e-06 340
1764064627197 3.954500230701023e-06 341
1764064627198 3.958533892860726e-06 342
1764064627198 3.962552462890037e-06 343
1764064627198 3.966555965164128e-06 344
1764064627199 3.970544424565177e-06 345
1764064627199 3.974517866470835e-06 346
1764064627200 3.9784763167428955e-06 347
1764064627200 3.982419801716162e-06 348
1764064627200 3.9863483481875025e-06 349
1764064627201 3.990261983405102e-06 350
1764064627201 3.994160735057904e-06 351
1764064627202 3.998044631265227e-06 352
1764064627202 4.001913700566566e-06 353
1764064627202 4.005767971911582e-06 354
1764064627203 4.009607474650248e-06 355
1764064627203 4.013432238523186e-06 356
1764064627204 4.017242293652155e-06 357
1764064627204 4.02103767053072e-06 358
1764064627204 4.024818400015076e-06 359
1764064627205 4.028584513315035e-06 360
1764064627205 4.032336041985168e-06 361
1764064627206 4.036073017916109e-06 362
1764064627206 4.039795473326002e-06 363
1764064627207 4.043503440752105e-06 364
1764064627207 4.04719695304254e-06 365
1764064627207 4.050876043348181e-06 366
1764064627208 4.054540745114696e-06 367
1764064627208 4.0581910920747175e-06 368
1764064627209 4.06182711824016e-06 369
1764064627209 4.065448857894664e-06 370
1764064627209 4.069056345586177e-06 371
1764064627210 4.072649616119669e-06 372
1764064627210 4.076228704549967e-06 373
1764064627211 4.079793646174722e-06 374
1764064627211 4.083344476527503e-06 375
1764064627211 4.086881231371002e-06 376
1764064627212 4.090403946690372e-06 377
1764064627212 4.093912658686671e-06 378
1764064627213 4.097407403770427e-06 379
1764064627213 4.1008882185553235e-06 380
1764064627213 4.104355139851984e-06 381
1764064627214 4.107808204661873e-06 382
1764064627214 4.111247450171308e-06 383
1764064627215 4.114672913745573e-06 384
1764064627215 4.118084632923138e-06 385
1764064627215 4.121482645409983e-06 386
1764064627216 4.124866989074021e-06 387
1764064627216 4.128237701939619e-06 388
1764064627217 4.13159482218222e-06 389
1764064627217 4.134938388123062e-06 390
1764064627217 4.138268438223983e-06 391
1764064627218 4.141585011082333e-06 392
1764064627218 4.144888145425957e-06 393
1764064627219 4.148177880108295e-06 394
1764064627219 4.151454254103539e-06 395
1764064627219 4.154717306501904e-06 396
1764064627220 4.15796707650497e-06 397
1764064627220 4.161203603421105e-06 398
1764064627221 4.164426926660982e-06 399
1764064627221 4.167637085733172e-06 400
1764064627221 4.170834120239809e-06 401
1764064627222 4.174018069872344e-06 402
1764064627222 4.177188974407376e-06 403
1764064627223 4.180346873702547e-06 404
1764064627223 4.183491807692521e-06 405
1764064627223 4.1866238163850416e-06 406
1764064627224 4.189742939857046e-06 407
1764064627224 4.192849218250859e-06 408
1764064627225 4.195942691770463e-06 409
1764064627225 4.19902340067782e-06 410
1764064627226 4.202091385289275e-06 411
1764064627226 4.2051466859720224e-06 412
1764064627226 4.208189343140631e-06 413
1764064627227 4.21121939725364e-06 414
1764064627227 4.214236888810219e-06 415
1764064627228 4.217241858346881e-06 416
1764064627228 4.220234346434264e-06 417
1764064627229 4.223214393673973e-06 418
1764064627229 4.226182040695473e-06 419
1764064627229 4.2291373281530484e-06 420
1764064627230 4.232080296722817e-06 421
1764064627230 4.235010987099793e-06 422
1764064627230 4.237929439995018e-06 423
1764064627231 4.240835696132736e-06 424
1764064627231 4.243729796247621e-06 425
1764064627232 4.246611781082068e-06 426
1764064627232 4.249481691383517e-06 427
1764064627233 4.252339567901854e-06 428
1764064627233 4.255185451386828e-06 429
1764064627233 4.258019382585551e-06 430
1764064627234 4.260841402240022e-06 431
1764064627234 4.263651551084709e-06 432
1764064627235 4.266449869844173e-06 433
1764064627235 4.2692363992307455e-06 434
1764064627235 4.2720111799422385e-06 435
1764064627236 4.274774252659711e-06 436
1764064627236 4.277525658045271e-06 437
1764064627237 4.280265436739926e-06 438
1764064627237 4.282993629361471e-06 439
1764064627237 4.2857102765024175e-06 440
1764064627238 4.288415418727969e-06 441
1764064627238 4.291109096574034e-06 442
1764064627239 4.29379135054527e-06 443
1764064627239 4.296462221113185e-06 444
1764064627239 4.299121748714254e-06 445
1764064627240 4.3017699737480955e-06 446
1764064627240 4.3044069365756635e-06 447
1764064627241 4.307032677517496e-06 448
1764064627241 4.309647236851983e-06 449
1764064627241 4.3122506548136795e-06 450
1764064627242 4.3148429715916465e-06 451
1764064627242 4.317424227327834e-06 452
1764064627242 4.319994462115486e-06 453
1764064627243 4.322553715997589e-06 454
1764064627243 4.325102028965347e-06 455
1764064627244 4.32763944095669e-06 456
1764064627244 4.330165991854812e-06 457
1764064627244 4.3326817214867425e-06 458
1764064627245 4.335186669621948e-06 459
1764064627245 4.3376808759709574e-06 460
1764064627246 4.340164380184025e-06 461
1764064627249 4.342637221849818e-06 462
1764064627249 4.34509944049413e-06 463
1764064627250 4.347551075578627e-06 464
1764064627250 4.349992166499619e-06 465
1764064627250 4.352422752586854e-06 466
1764064627251 4.354842873102349e-06 467
1764064627251 4.357252567239236e-06 468
1764064627252 4.359651874120636e-06 469
1764064627252 4.362040832798566e-06 470
1764064627252 4.36441948225286e-06 471
1764064627253 4.3667878613901215e-06 472
1764064627253 4.369146009042695e-06 473
1764064627254 4.371493963967669e-06 474
1764064627254 4.373831764845889e-06 475
1764064627254 4.376159450281006e-06 476
1764064627255 4.378477058798543e-06 477
1764064627255 4.380784628844979e-06 478
1764064627256 4.38308219878686e-06 479
1764064627256 4.385369806909932e-06 480
1764064627256 4.387647491418288e-06 481
1764064627257 4.389915290433546e-06 482
1764064627257 4.392173241994033e-06 483
1764064627258 4.394421384054008e-06 484
1764064627258 4.3966597544828826e-06 485
1764064627258 4.398888391064482e-06 486
1764064627259 4.401107331496309e-06 487
1764064627259 4.4033166133888346e-06 488
1764064627260 4.405516274264804e-06 489
1764064627260 4.407706351558561e-06 490
1764064627260 4.4098868826153935e-06 491
1764064627261 4.412057904690892e-06 492
1764064627261 4.414219454950324e-06 493
1764064627261 4.416371570468031e-06 494
1764064627262 4.41851428822684e-06 495
1764064627263 4.420647645117485e-06 496
1764064627266 4.422771677938056e-06 497
1764064627267 4.424886423393452e-06 498
1764064627267 4.42699191809486e-06 499
