1764064871837 7.81789163831232e-06 0
1764064871837 7.75902476518656e-06 1
1764064871837 7.70138444588789e-06 2
1764064871838 7.644966984822883e-06 3
1764064871838 7.5897685077899285e-06 4
1764064871839 7.535784953260875e-06 5
1764064871839 7.483012063838142e-06 6
1764064871840 7.4314453779201966e-06 7
1764064871840 7.381080221608786e-06 8
1764064871841 7.331911700891749e-06 9
1764064871841 7.283934694135382e-06 10
1764064871842 7.237143844920361e-06 11
1764064871842 7.191533555254983e-06 12
1764064871842 7.147097979199006e-06 13
1764064871843 7.103831016930747e-06 14
1764064871843 7.061726309289113e-06 15
1764064871844 7.020777232821101e-06 16
1764064871844 6.9809768953639365e-06 17
1764064871844 6.942318132189294e-06 18
1764064871845 6.904793502735271e-06 19
1764064871845 6.868395287949601e-06 20
1764064871846 6.833115488265313e-06 21
1764064871848 6.7989458222275315e-06 22
1764064871849 6.765877725787372e-06 23
1764064871850 6.73390235227604e-06 24
1764064871850 6.703010573069194e-06 25
1764064871851 6.673192978948494e-06 26
1764064871851 6.64443988216398e-06 27
1764064871852 6.616741319197641e-06 28
1764064871852 6.590087054225094e-06 29
1764064871852 6.564466583268949e-06 30
1764064871853 6.53986913903403e-06 31
1764064871853 6.5162836964112446e-06 32
1764064871854 6.493698978633678e-06 33
1764064871854 6.47210346406524e-06 34
1764064871855 6.451485393599175e-06 35
1764064871855 6.43183277864081e-06 36
1764064871855 6.413133409646231e-06 37
1764064871856 6.395374865185955e-06 38
1764064871856 6.378544521500452e-06 39
1764064871857 6.362629562512221e-06 40
1764064871857 6.347616990257308e-06 41
1764064871857 6.33349363569761e-06 42
1764064871858 6.320246169873979e-06 43
1764064871858 6.307861115359167e-06 44
1764064871859 6.2963248579688685e-06 45
1764064871859 6.2856236586886866e-06 46
1764064871860 6.275743665774702e-06 47
1764064871860 6.2666709269853215e-06 48
1764064871860 6.258391401902578e-06 49
1764064871861 6.250890974301519e-06 50
1764064871861 6.244155464527269e-06 51
1764064871862 6.238170641840388e-06 52
1764064871862 6.232922236692395e-06 53
1764064871862 6.228395952894863e-06 54
1764064871863 6.224577479647025e-06 55
1764064871863 6.221452503388717e-06 56
1764064871864 6.219006719447317e-06 57
1764064871864 6.217225843449405e-06 58
1764064871865 6.216095622469929e-06 59
1764064871865 6.215601845893888e-06 60
1764064871865 6.215730355967707e-06 61
1764064871866 6.216467058019751e-06 62
1764064871866 6.217797930331687e-06 63
1764064871867 6.219709033644596e-06 64
1764064871867 6.2221865202860275e-06 65
1764064871867 6.225216642906308e-06 66
1764064871868 6.228785762814566e-06 67
1764064871868 6.232880357907006e-06 68
1764064871869 6.237487030181928e-06 69
1764064871869 6.242592512837897e-06 70
1764064871870 6.248183676953287e-06 71
1764064871870 6.254247537747119e-06 72
1764064871870 6.260771260422724e-06 73
1764064871871 6.267742165597263e-06 74
1764064871871 6.2751477343215e-06 75
1764064871872 6.28297561269557e-06 76
1764064871872 6.291213616087532e-06 77
1764064871872 6.299849732962692e-06 78
1764064871873 6.3088721283324956e-06 79
1764064871873 6.31826914683274e-06 80
1764064871874 6.3280293154414684e-06 81
1764064871874 6.3381413458477105e-06 82
1764064871875 6.348594136482553e-06 83
1764064871875 6.359376774224695e-06 84
1764064871875 6.370478535792806e-06 85
1764064871876 6.381888888837433e-06 86
1764064871876 6.393597492745274e-06 87
1764064871877 6.405594199168859e-06 88
1764064871877 6.417869052294694e-06 89
1764064871878 6.430412288862888e-06 90
1764064871878 6.443214337951314e-06 91
1764064871879 6.456265820537147e-06 92
1764064871879 6.469557548848536e-06 93
1764064871880 6.4830805255189265e-06 94
1764064871880 6.496825942556343e-06 95
1764064871880 6.510785180139656e-06 96
1764064871881 6.524949805253573e-06 97
1764064871881 6.539311570173773e-06 98
1764064871882 6.553862410813267e-06 99
1764064871882 6.5685944449406985e-06 100
1764064871883 6.583499970280969e-06 101
1764064871883 6.598571462508126e-06 102
1764064871883 6.613801573140145e-06 103
1764064871884 6.629183127344778e-06 104
1764064871884 6.64470912166531e-06 105
1764064871885 6.660372721674591e-06 106
1764064871885 6.676167259565406e-06 107
1764064871886 6.6920862316847994e-06 108
1764064871886 6.708123296019605e-06 109
1764064871886 6.724272269640044e-06 110
1764064871887 6.740527126107886e-06 111
1764064871887 6.7568819928553385e-06 112
1764064871888 6.773331148540385e-06 113
1764064871889 6.78986902038408e-06 114
1764064871890 6.8064901814948305e-06 115
1764064871890 6.823189348184504e-06 116
1764064871891 6.839961377280764e-06 117
1764064871891 6.856801263439868e-06 118
1764064871891 6.873704136463733e-06 119
1764064871892 6.890665258624925e-06 120
1764064871892 6.9076800220028305e-06 121
1764064871893 6.924743945834182e-06 122
1764064871893 6.941852673880672e-06 123
1764064871894 6.959001971816321e-06 124
1764064871894 6.976187724636958e-06 125
1764064871894 6.993405934093984e-06 126
1764064871895 7.010652716154393e-06 127
1764064871895 7.027924298488844e-06 128
1764064871896 7.045217017989381e-06 129
1764064871896 7.062527318318251e-06 130
1764064871897 7.07985174748909e-06 131
1764064871897 7.097186955481639e-06 132
1764064871897 7.114529691890936e-06 133
1764064871898 7.13187680361191e-06 134
1764064871898 7.149225232560061e-06 135
1764064871899 7.166572013428882e-06 136
1764064871899 7.183914271484548e-06 137
1764064871900 7.201249220398264e-06 138
1764064871900 7.2185741601166255e-06 139
1764064871900 7.235886474770207e-06 140
1764064871901 7.25318363062057e-06 141
1764064871901 7.270463174045736e-06 142
1764064871902 7.287722729564177e-06 143
1764064871902 7.304959997897258e-06 144
1764064871902 7.322172754070028e-06 145
1764064871903 7.339358845550207e-06 146
1764064871903 7.356516190425173e-06 147
1764064871904 7.37364277561666e-06 148
1764064871904 7.39073665513293e-06 149
1764064871904 7.4077959483580406e-06 150
1764064871905 7.424818838377872e-06 151
1764064871905 7.441803570342527e-06 152
1764064871906 7.458748449864656e-06 153
1764064871906 7.475651841453297e-06 154
1764064871907 7.49251216698275e-06 155
1764064871907 7.509327904196003e-06 156
1764064871907 7.5260975852422115e-06 157
1764064871908 7.542819795247719e-06 158
1764064871908 7.559493170920104e-06 159
1764064871909 7.576116399184692e-06 160
1764064871909 7.592688215853014e-06 161
1764064871909 7.609207404322651e-06 162
1764064871910 7.625672794307894e-06 163
1764064871910 7.642083260600695e-06 164
1764064871911 7.658437721861304e-06 165
1764064871911 7.674735139438064e-06 166
1764064871912 7.690974516215772e-06 167
1764064871912 7.707154895492058e-06 168
1764064871913 7.723275359881222e-06 169
1764064871913 7.73933503024495e-06 170
1764064871913 7.755333064649365e-06 171
1764064871914 7.771268657347891e-06 172
1764064871914 7.787141037789302e-06 173
1764064871915 7.802949469650494e-06 174
1764064871915 7.818693249893404e-06 175
1764064871915 7.834371707845545e-06 176
1764064871916 7.849984204303634e-06 177
1764064871916 7.865530130659806e-06 178
1764064871917 7.881008908049877e-06 179
1764064871917 7.896419986523193e-06 180
1764064871918 7.911762844233512e-06 181
1764064871918 7.927036986650481e-06 182
1764064871918 7.942241945791204e-06 183
1764064871919 7.957377279471423e-06 184
1764064871919 7.972442570575862e-06 185
1764064871920 7.98743742634727e-06 186
1764064871920 8.002361477693705e-06 187
1764064871920 8.017214378513656e-06 188
1764064871921 8.031995805038504e-06 189
1764064871921 8.046705455191986e-06 190
1764064871922 8.061343047966173e-06 191
1764064871922 8.07590832281358e-06 192
1764064871923 8.090401039055062e-06 193
1764064871923 8.104820975302986e-06 194
1764064871923 8.119167928899456e-06 195
1764064871924 8.133441715369065e-06 196
1764064871924 8.147642167885923e-06 197
1764064871925 8.161769136754544e-06 198
1764064871925 8.175822488904253e-06 199
1764064871925 8.18980210739682e-06 200
1764064871926 8.203707890946882e-06 201
1764064871926 8.217539753454957e-06 202
1764064871927 8.231297623552634e-06 203
1764064871927 8.244981444159672e-06 204
1764064871928 8.258591172052701e-06 205
1764064871928 8.272126777445226e-06 206
1764064871928 8.285588243578638e-06 207
1764064871929 8.29897556632396e-06 208
1764064871929 8.312288753794055e-06 209
1764064871930 8.325527825966015e-06 210
1764064871930 8.33869281431349e-06 211
1764064871931 8.351783761448673e-06 212
1764064871931 8.364800720773718e-06 213
1764064871931 8.37774375614135e-06 214
1764064871932 8.390612941524389e-06 215
1764064871932 8.403408360694009e-06 216
1764064871933 8.416130106906494e-06 217
1764064871933 8.428778282598241e-06 218
1764064871933 8.441352999088826e-06 219
1764064871934 8.453854376291925e-06 220
1764064871934 8.466282542433873e-06 221
1764064871935 8.478637633779668e-06 222
1764064871935 8.49091979436623e-06 223
1764064871936 8.503129175742729e-06 224
1764064871936 8.51526593671779e-06 225
1764064871937 8.527330243113414e-06 226
1764064871937 8.539322267525404e-06 227
1764064871937 8.551242189090189e-06 228
1764064871938 8.563090193257813e-06 229
1764064871938 8.574866471570977e-06 230
1764064871939 8.586571221449963e-06 231
1764064871939 8.598204645983263e-06 232
1764064871940 8.609766953723817e-06 233
1764064871940 8.621258358490664e-06 234
1764064871940 8.6326790791759e-06 235
1764064871941 8.644029339556787e-06 236
1764064871941 8.655309368112878e-06 237
1764064871942 8.666519397848046e-06 238
1764064871942 8.677659666117278e-06 239
1764064871943 8.68873041445812e-06 240
1764064871943 8.69973188842661e-06 241
1764064871943 8.710664337437668e-06 242
1764064871944 8.721528014609746e-06 243
1764064871944 8.73232317661366e-06 244
1764064871945 8.743050083525513e-06 245
1764064871945 8.75370899868357e-06 246
1764064871945 8.76430018854901e-06 247
1764064871946 8.774823922570436e-06 248
1764064871947 8.785280473052059e-06 249
1764064871947 8.795670115025455e-06 250
1764064871947 8.805993126124811e-06 251
1764064871948 8.81624978646555e-06 252
1764064871948 8.82644037852628e-06 253
1764064871949 8.836565187033943e-06 254
1764064871949 8.846624498852123e-06 255
1764064871949 8.856618602872392e-06 256
1764064871950 8.866547789908646e-06 257
1764064871950 8.876412352594352e-06 258
1764064871951 8.886212585282593e-06 259
1764064871952 8.895948783948897e-06 260
1764064871956 8.90562124609674e-06 261
1764064871957 8.915230270665668e-06 262
1764064871957 8.92477615794195e-06 263
1764064871957 8.934259209471754e-06 264
1764064871958 8.943679727976691e-06 265
1764064871958 8.953038017271767e-06 266
1764064871959 8.962334382185594e-06 267
1764064871959 8.971569128482863e-06 268
1764064871960 8.980742562788992e-06 269
1764064871960 8.9898549925169e-06 270
1764064871960 8.99890672579585e-06 271
1764064871961 9.007898071402314e-06 272
1764064871961 9.016829338692806e-06 273
1764064871962 9.025700837538634e-06 274
1764064871962 9.034512878262504e-06 275
1764064871962 9.043265771576985e-06 276
1764064871963 9.051959828524697e-06 277
1764064871963 9.060595360420262e-06 278
1764064871964 9.06917267879393e-06 279
1764064871964 9.077692095336852e-06 280
1764064871965 9.086153921847946e-06 281
1764064871965 9.094558470182335e-06 282
1764064871965 9.102906052201277e-06 283
1764064871966 9.111196979723622e-06 284
1764064871966 9.119431564478673e-06 285
1764064871967 9.127610118060458e-06 286
1764064871967 9.13573295188341e-06 287
1764064871967 9.143800377139335e-06 288
1764064871968 9.15181270475572e-06 289
1764064871968 9.159770245355273e-06 290
1764064871969 9.16767330921675e-06 291
1764064871969 9.17552220623694e-06 292
1764064871970 9.18331724589385e-06 293
1764064871970 9.191058737211035e-06 294
1764064871970 9.198746988723033e-06 295
1764064871971 9.206382308441894e-06 296
1764064871971 9.213965003824777e-06 297
1764064871972 9.221495381742565e-06 298
1764064871972 9.228973748449497e-06 299
1764064871973 9.236400409553773e-06 300
1764064871973 9.243775669989132e-06 301
1764064871973 9.251099833987341e-06 302
1764064871974 9.258373205051607e-06 303
1764064871974 9.265596085930866e-06 304
1764064871975 9.272768778594945e-06 305
1764064871975 9.279891584210543e-06 306
1764064871975 9.286964803118063e-06 307
1764064871976 9.293988734809213e-06 308
1764064871976 9.300963677905403e-06 309
1764064871977 9.30788993013689e-06 310
1764064871977 9.314767788322675e-06 311
1764064871978 9.32159754835109e-06 312
1764064871978 9.328379505161132e-06 313
1764064871978 9.335113952724436e-06 314
1764064871979 9.341801184027947e-06 315
1764064871979 9.348441491057218e-06 316
1764064871980 9.355035164780351e-06 317
1764064871980 9.361582495132565e-06 318
1764064871981 9.368083771001328e-06 319
1764064871981 9.374539280212116e-06 320
1764064871981 9.380949309514717e-06 321
1764064871982 9.387314144570097e-06 322
1764064871982 9.393634069937805e-06 323
1764064871983 9.399909369063906e-06 324
1764064871983 9.406140324269424e-06 325
1764064871983 9.412327216739289e-06 326
1764064871984 9.418470326511768e-06 327
1764064871984 9.424569932468373e-06 328
1764064871985 9.430626312324223e-06 329
1764064871985 9.436639742618873e-06 330
1764064871986 9.442610498707554e-06 331
1764064871986 9.448538854752867e-06 332
1764064871986 9.454425083716875e-06 333
1764064871987 9.460269457353607e-06 334
1764064871987 9.466072246201952e-06 335
1764064871988 9.471833719578942e-06 336
1764064871988 9.477554145573396e-06 337
1764064871989 9.483233791039949e-06 338
1764064871989 9.488872921593407e-06 339
1764064871989 9.494471801603473e-06 340
1764064871990 9.500030694189795e-06 341
1764064871990 9.505549861217335e-06 342
1764064871991 9.511029563292072e-06 343
1764064871991 9.516470059756994e-06 344
1764064871991 9.521871608688416e-06 345
1764064871992 9.52723446689256e-06 346
1764064871992 9.532558889902448e-06 347
1764064871992 9.537845131975055e-06 348
1764064871993 9.54309344608874e-06 349
1764064871993 9.54830408394093e-06 350
1764064871994 9.55347729594607e-06 351
1764064871994 9.558613331233814e-06 352
1764064871994 9.563712437647457e-06 353
1764064871995 9.568774861742612e-06 354
1764064871995 9.573800848786095e-06 355
1764064871996 9.578790642755055e-06 356
1764064871996 9.583744486336289e-06 357
1764064871996 9.588662620925813e-06 358
1764064871997 9.593545286628584e-06 359
1764064871997 9.598392722258461e-06 360
1764064871998 9.603205165338331e-06 361
1764064871998 9.607982852100438e-06 362
1764064871999 9.612726017486888e-06 363
1764064871999 9.617434895150331e-06 364
1764064871999 9.62210971745481e-06 365
1764064872000 9.626750715476781e-06 366
1764064872000 9.631358119006293e-06 367
1764064872001 9.635932156548324e-06 368
1764064872001 9.640473055324272e-06 369
1764064872001 9.64498104127358e-06 370
1764064872002 9.649456339055536e-06 371
1764064872002 9.653899172051167e-06 372
1764064872003 9.6583097623653e-06 373
1764064872003 9.662688330828752e-06 374
1764064872003 9.667035097000626e-06 375
1764064872004 9.671350279170755e-06 376
1764064872004 9.675634094362239e-06 377
1764064872005 9.679886758334124e-06 378
1764064872005 9.68410848558417e-06 379
1764064872005 9.688299489351737e-06 380
1764064872006 9.692459981620777e-06 381
1764064872006 9.696590173122925e-06 382
1764064872006 9.700690273340684e-06 383
1764064872007 9.704760490510711e-06 384
1764064872007 9.708801031627196e-06 385
1764064872008 9.71281210244531e-06 386
1764064872008 9.716793907484773e-06 387
1764064872008 9.720746650033473e-06 388
1764064872009 9.724670532151185e-06 389
1764064872009 9.728565754673355e-06 390
1764064872010 9.73243251721496e-06 391
1764064872010 9.736271018174453e-06 392
1764064872010 9.740081454737759e-06 393
1764064872011 9.743864022882348e-06 394
1764064872011 9.747618917381365e-06 395
1764064872012 9.751346331807842e-06 396
1764064872012 9.755046458538934e-06 397
1764064872012 9.75871948876025e-06 398
1764064872013 9.762365612470216e-06 399
1764064872013 9.76598501848449e-06 400
1764064872014 9.769577894440445e-06 401
1764064872014 9.773144426801691e-06 402
1764064872014 9.776684800862632e-06 403
1764064872015 9.780199200753096e-06 404
1764064872015 9.783687809442976e-06 405
1764064872016 9.787150808746936e-06 406
1764064872016 9.790588379329151e-06 407
1764064872016 9.794000700708073e-06 408
1764064872017 9.797387951261244e-06 409
1764064872017 9.800750308230149e-06 410
1764064872017 9.80408794772508e-06 411
1764064872018 9.80740104473006e-06 412
1764064872018 9.810689773107758e-06 413
1764064872019 9.81395430560448e-06 414
1764064872019 9.817194813855141e-06 415
1764064872020 9.820411468388295e-06 416
1764064872020 9.823604438631175e-06 417
1764064872020 9.826773892914742e-06 418
1764064872021 9.829919998478787e-06 419
1764064872021 9.833042921477018e-06 420
1764064872021 9.836142826982199e-06 421
1764064872022 9.839219878991273e-06 422
1764064872022 9.842274240430525e-06 423
1764064872023 9.845306073160753e-06 424
1764064872023 9.848315537982442e-06 425
1764064872023 9.851302794640975e-06 426
1764064872024 9.854268001831825e-06 427
1764064872024 9.857211317205781e-06 428
1764064872025 9.860132897374173e-06 429
1764064872025 9.863032897914106e-06 430
1764064872025 9.865911473373705e-06 431
1764064872026 9.868768777277365e-06 432
1764064872026 9.871604962131e-06 433
1764064872026 9.874420179427306e-06 434
1764064872027 9.87721457965103e-06 435
1764064872027 9.879988312284226e-06 436
1764064872028 9.882741525811526e-06 437
1764064872028 9.885474367725418e-06 438
1764064872028 9.8881869845315e-06 439
1764064872029 9.890879521753767e-06 440
1764064872029 9.893552123939867e-06 441
1764064872030 9.896204934666369e-06 442
1764064872030 9.898838096544038e-06 443
1764064872030 9.901451751223088e-06 444
1764064872031 9.904046039398441e-06 445
1764064872031 9.906621100814981e-06 446
1764064872032 9.909177074272803e-06 447
1764064872032 9.911714097632452e-06 448
1764064872032 9.914232307820167e-06 449
1764064872033 9.916731840833109e-06 450
1764064872033 9.919212831744576e-06 451
1764064872034 9.921675414709225e-06 452
1764064872034 9.924119722968281e-06 453
1764064872034 9.926545888854725e-06 454
1764064872035 9.928954043798492e-06 455
1764064872035 9.931344318331634e-06 456
1764064872035 9.933716842093512e-06 457
1764064872036 9.936071743835932e-06 458
1764064872036 9.938409151428296e-06 459
1764064872037 9.940729191862743e-06 460
1764064872037 9.943031991259268e-06 461
1764064872037 9.945317674870825e-06 462
1764064872038 9.947586367088434e-06 463
1764064872038 9.949838191446256e-06 464
1764064872039 9.952073270626671e-06 465
1764064872039 9.954291726465332e-06 466
1764064872039 9.956493679956196e-06 467
1764064872040 9.958679251256573e-06 468
1764064872040 9.96084855969212e-06 469
1764064872041 9.963001723761847e-06 470
1764064872041 9.965138861143094e-06 471
1764064872041 9.967260088696502e-06 472
1764064872042 9.969365522470965e-06 473
1764064872042 9.97145527770855e-06 474
1764064872043 9.973529468849433e-06 475
1764064872043 9.975588209536785e-06 476
1764064872043 9.97763161262166e-06 477
1764064872044 9.979659790167868e-06 478
1764064872044 9.981672853456808e-06 479
1764064872044 9.983670912992311e-06 480
1764064872045 9.985654078505454e-06 481
1764064872045 9.987622458959342e-06 482
1764064872046 9.989576162553897e-06 483
1764064872046 9.991515296730614e-06 484
1764064872046 9.99343996817729e-06 485
1764064872047 9.99535028283276e-06 486
1764064872047 9.997246345891587e-06 487
1764064872048 9.999128261808745e-06 488
1764064872048 1.0000996134304287e-05 489
1764064872048 1.0002850066367991e-05 490
1764064872049 1.0004690160263972e-05 491
1764064872049 1.0006516517535296e-05 492
1764064872050 1.0008329239008562e-05 493
1764064872050 1.0010128424798467e-05 494
1764064872050 1.0011914174312348e-05 495
1764064872053 1.0013686586254712e-05 496
1764064872054 1.0015445758631734e-05 497
1764064872055 1.0017191788755742e-05 498
1764064872055 1.0018924773249685e-05 499
