1764064866794 3.302084231324528e-06 0
1764064866795 3.286668895939613e-06 1
1764064866796 3.271325524971224e-06 2
1764064866798 3.2560537824631783e-06 3
1764064866799 3.2408533340276583e-06 4
1764064866799 3.2257238468378907e-06 5
1764064866800 3.2106649896208595e-06 6
1764064866800 3.1956764326500523e-06 7
1764064866803 3.18075784773824e-06 8
1764064866804 3.165908908230292e-06 9
1764064866805 3.151129288996023e-06 10
1764064866805 3.136418666423073e-06 11
1764064866806 3.1217767184098246e-06 12
1764064866807 3.107203124358347e-06 13
1764064866807 3.092697565167379e-06 14
1764064866809 3.0782597232253382e-06 15
1764064866812 3.0638892824033726e-06 16
1764064866814 3.0495859280484323e-06 17
1764064866815 3.0353493469763834e-06 18
1764064866818 3.0211792274651504e-06 19
1764064866819 3.007075259247891e-06 20
1764064866821 2.9930371335062e-06 21
1764064866822 2.979064542863351e-06 22
1764064866823 2.9651571813775637e-06 23
1764064866823 2.9513147445353055e-06 24
1764064866824 2.9375369292446255e-06 25
1764064866824 2.9238234338285143e-06 26
1764064866825 2.910173958018304e-06 27
1764064866826 2.8965882029470884e-06 28
1764064866826 2.8830658711431815e-06 29
1764064866827 2.8696066665236043e-06 30
1764064866828 2.856210294387601e-06 31
1764064866829 2.842876461410187e-06 32
1764064866829 2.829604875635726e-06 33
1764064866830 2.8163952464715358e-06 34
1764064866830 2.8032472846815283e-06 35
1764064866831 2.790160702379875e-06 36
1764064866833 2.777135213024704e-06 37
1764064866835 2.7641705314118237e-06 38
1764064866836 2.751266373668482e-06 39
1764064866838 2.738422457247147e-06 40
1764064866840 2.7256385009193222e-06 41
1764064866841 2.7129142247693903e-06 42
1764064866841 2.7002493501884797e-06 43
1764064866842 2.6876435998683678e-06 44
1764064866842 2.675096697795408e-06 45
1764064866842 2.6626083692444875e-06 46
1764064866843 2.650178340773008e-06 47
1764064866844 2.637806340214904e-06 48
1764064866844 2.625492096674678e-06 49
1764064866845 2.613235340521474e-06 50
1764064866845 2.60103580338317e-06 51
1764064866846 2.588893218140503e-06 52
1764064866846 2.5768073189212204e-06 53
1764064866847 2.56477784109426e-06 54
1764064866847 2.5528045212639513e-06 55
1764064866847 2.540887097264253e-06 56
1764064866848 2.52902530815301e-06 57
1764064866848 2.5172188942062406e-06 58
1764064866849 2.5054675969124486e-06 59
1764064866849 2.493771158966967e-06 60
1764064866850 2.482129324266316e-06 61
1764064866850 2.4705418379026046e-06 62
1764064866850 2.4590084461579433e-06 63
1764064866851 2.4475288964988906e-06 64
1764064866851 2.4361029375709233e-06 65
1764064866852 2.424730319192933e-06 66
1764064866852 2.4134107923517476e-06 67
1764064866852 2.4021441091966803e-06 68
1764064866853 2.3909300230341016e-06 69
1764064866853 2.3797682883220375e-06 70
1764064866854 2.368658660664794e-06 71
1764064866854 2.3576008968076056e-06 72
1764064866854 2.3465947546313084e-06 73
1764064866855 2.3356399931470393e-06 74
1764064866856 2.3247363724909604e-06 75
1764064866858 2.3138836539190035e-06 76
1764064866860 2.303081599801648e-06 77
1764064866862 2.2923299736187112e-06 78
1764064866864 2.2816285399541764e-06 79
1764064866865 2.270977064491032e-06 80
1764064866867 2.260375314006146e-06 81
1764064866868 2.2498230563651553e-06 82
1764064866870 2.2393200605173866e-06 83
1764064866871 2.228866096490794e-06 84
1764064866873 2.2184609353869262e-06 85
1764064866875 2.2081043493759133e-06 86
1764064866876 2.1977961116914774e-06 87
1764064866876 2.18753599662597e-06 88
1764064866877 2.1773237795254275e-06 89
1764064866877 2.167159236784653e-06 90
1764064866878 2.15704214584232e-06 91
1764064866878 2.1469722851761004e-06 92
1764064866878 2.1369494342978136e-06 93
1764064866879 2.126973373748597e-06 94
1764064866879 2.1170438850941033e-06 95
1764064866880 2.107160750919715e-06 96
1764064866880 2.0973237548257883e-06 97
1764064866881 2.0875326814229085e-06 98
1764064866881 2.077787316327181e-06 99
1764064866881 2.068087446155528e-06 100
1764064866882 2.0584328585210295e-06 101
1764064866882 2.048823342028258e-06 102
1764064866883 2.039258686268662e-06 103
1764064866885 2.0297386818159518e-06 104
1764064866886 2.020263120221516e-06 105
1764064866887 2.0108317940098593e-06 106
1764064866887 2.001444496674055e-06 107
1764064866888 1.9921010226712284e-06 108
1764064866888 1.9828011674180535e-06 109
1764064866889 1.973544727286273e-06 110
1764064866889 1.964331499598242e-06 111
1764064866890 1.955161282622488e-06 112
1764064866890 1.946033875569296e-06 113
1764064866890 1.9369490785863086e-06 114
1764064866891 1.9279066927541536e-06 115
1764064866891 1.918906520082087e-06 116
1764064866892 1.909948363503659e-06 117
1764064866892 1.901032026872394e-06 118
1764064866892 1.8921573149575045e-06 119
1764064866893 1.8833240334396095e-06 120
1764064866893 1.8745319889064826e-06 121
1764064866894 1.865780988848814e-06 122
1764064866894 1.857070841656001e-06 123
1764064866894 1.8484013566119472e-06 124
1764064866895 1.8397723438908884e-06 125
1764064866895 1.8311836145532379e-06 126
1764064866896 1.8226349805414474e-06 127
1764064866896 1.8141262546758881e-06 128
1764064866897 1.805657250650757e-06 129
1764064866897 1.797227783029993e-06 130
1764064866897 1.7888376672432188e-06 131
1764064866898 1.780486719581697e-06 132
1764064866898 1.7721747571943146e-06 133
1764064866899 1.763901598083569e-06 134
1764064866899 1.7556670611015913e-06 135
1764064866899 1.7474709659461773e-06 136
1764064866901 1.7393131331568365e-06 137
1764064866902 1.73119338411087e-06 138
1764064866904 1.7231115410194497e-06 139
1764064866905 1.715067426923736e-06 140
1764064866905 1.7070608656909933e-06 141
1764064866906 1.699091682010741e-06 142
1764064866907 1.6911597013909106e-06 143
1764064866907 1.683264750154025e-06 144
1764064866908 1.6754066554333998e-06 145
1764064866908 1.6675852451693537e-06 146
1764064866910 1.659800348105444e-06 147
1764064866911 1.652051793784714e-06 148
1764064866911 1.6443394125459628e-06 149
1764064866912 1.6366630355200314e-06 150
1764064866912 1.629022494626101e-06 151
1764064866913 1.62141762256802e-06 152
1764064866913 1.6138482528306304e-06 153
1764064866913 1.606314219676132e-06 154
1764064866914 1.598815358140449e-06 155
1764064866914 1.5913515040296163e-06 156
1764064866915 1.5839224939161861e-06 157
1764064866915 1.5765281651356524e-06 158
1764064866916 1.5691683557828842e-06 159
1764064866916 1.5618429047085818e-06 160
1764064866916 1.5545516515157539e-06 161
1764064866917 1.5472944365561956e-06 162
1764064866917 1.5400711009270016e-06 163
1764064866918 1.5328814864670812e-06 164
1764064866918 1.525725435753699e-06 165
1764064866918 1.518602792099026e-06 166
1764064866919 1.5115133995467092e-06 167
1764064866919 1.504457102868456e-06 168
1764064866920 1.497433747560638e-06 169
1764064866920 1.4904431798409047e-06 170
1764064866921 1.4834852466448175e-06 171
1764064866921 1.4765597956225005e-06 172
1764064866921 1.4696666751353008e-06 173
1764064866922 1.4628057342524694e-06 174
1764064866922 1.4559768227478616e-06 175
1764064866923 1.4491797910966368e-06 176
1764064866923 1.4424144904719964e-06 177
1764064866923 1.4356807727419157e-06 178
1764064866924 1.4289784904659083e-06 179
1764064866924 1.4223074968917897e-06 180
1764064866925 1.4156676459524721e-06 181
1764064866925 1.4090587922627596e-06 182
1764064866925 1.4024807911161682e-06 183
1764064866926 1.3959334984817564e-06 184
1764064866926 1.389416771000973e-06 185
1764064866927 1.3829304659845149e-06 186
1764064866927 1.3764744414092067e-06 187
1764064866927 1.3700485559148884e-06 188
1764064866928 1.3636526688013188e-06 189
1764064866928 1.3572866400251018e-06 190
1764064866929 1.3509503301966083e-06 191
1764064866929 1.3446436005769374e-06 192
1764064866930 1.3383663130748682e-06 193
1764064866930 1.3321183302438412e-06 194
1764064866930 1.325899515278947e-06 195
1764064866931 1.3197097320139316e-06 196
1764064866934 1.3135488449182167e-06 197
1764064866935 1.307416719093928e-06 198
1764064866935 1.3013132202729433e-06 199
1764064866936 1.2952382148139568e-06 200
1764064866936 1.2891915696995445e-06 201
1764064866936 1.2831731525332586e-06 202
1764064866937 1.2771828315367266e-06 203
1764064866937 1.2712204755467657e-06 204
1764064866938 1.265285954012509e-06 205
1764064866938 1.25937913699255e-06 206
1764064866939 1.253499895152096e-06 207
1764064866939 1.2476480997601373e-06 208
1764064866940 1.2418236226866249e-06 209
1764064866940 1.236026336399671e-06 210
1764064866940 1.230256113962751e-06 211
1764064866941 1.2245128290319267e-06 212
1764064866941 1.2187963558530798e-06 213
1764064866942 1.2131065692591587e-06 214
1764064866942 1.2074433446674365e-06 215
1764064866943 1.201806558076785e-06 216
1764064866943 1.1961960860649567e-06 217
1764064866944 1.1906118057858871e-06 218
1764064866944 1.1850535949669983e-06 219
1764064866945 1.1795213319065284e-06 220
1764064866945 1.1740148954708635e-06 221
1764064866945 1.1685341650918839e-06 222
1764064866946 1.1630790207643274e-06 223
1764064866946 1.1576493430431592e-06 224
1764064866947 1.15224501304096e-06 225
1764064866947 1.1468659124253164e-06 226
1764064866947 1.1415119234162379e-06 227
1764064866948 1.1361829287835717e-06 228
1764064866948 1.1308788118444376e-06 229
1764064866949 1.1255994564606769e-06 230
1764064866949 1.120344747036302e-06 231
1764064866950 1.115114568514973e-06 232
1764064866950 1.1099088063774738e-06 233
1764064866950 1.104727346639205e-06 234
1764064866951 1.09957007584769e-06 235
1764064866951 1.0944368810800898e-06 236
1764064866952 1.0893276499407306e-06 237
1764064866952 1.084242270558642e-06 238
1764064866953 1.0791806315851078e-06 239
1764064866953 1.074142622191231e-06 240
1764064866953 1.069128132065499e-06 241
1764064866954 1.0641370514113782e-06 242
1764064866954 1.0591692709449062e-06 243
1764064866955 1.0542246818922932e-06 244
1764064866955 1.0493031759875496e-06 245
1764064866956 1.044404645470108e-06 246
1764064866956 1.039528983082469e-06 247
1764064866956 1.0346760820678485e-06 248
1764064866957 1.0298458361678435e-06 249
1764064866957 1.0250381396201028e-06 250
1764064866958 1.0202528871560145e-06 251
1764064866958 1.0154899739983969e-06 252
1764064866958 1.0107492958592066e-06 253
1764064866959 1.0060307489372571e-06 254
1764064866959 1.0013342299159397e-06 255
1764064866960 9.966596359609696e-07 256
1764064866960 9.92006864718129e-07 257
1764064866961 9.87375814311024e-07 258
1764064866961 9.827663833388607e-07 259
1764064866966 9.781784708742202e-07 260
1764064866966 9.736119764608475e-07 261
1764064866967 9.690668001114562e-07 262
1764064866967 9.645428423055364e-07 263
1764064866968 9.60040003987177e-07 264
1764064866968 9.555581865628936e-07 265
1764064866968 9.510972918994769e-07 266
1764064866969 9.466572223218353e-07 267
1764064866969 9.422378806108615e-07 268
1764064866970 9.378391700013008e-07 269
1764064866970 9.33460994179638e-07 270
1764064866971 9.291032572819799e-07 271
1764064866971 9.247658638919649e-07 272
1764064866971 9.204487190386685e-07 273
1764064866972 9.161517281945234e-07 274
1764064866972 9.118747972732534e-07 275
1764064866973 9.076178326278122e-07 276
1764064866973 9.033807410483298e-07 277
1764064866974 8.991634297600749e-07 278
1764064866974 8.949658064214219e-07 279
1764064866974 8.90787779121833e-07 280
1764064866975 8.866292563798382e-07 281
1764064866975 8.824901471410374e-07 282
1764064866976 8.783703607761063e-07 283
1764064866976 8.74269807078814e-07 284
1764064866976 8.701883962640382e-07 285
1764064866977 8.661260389658146e-07 286
1764064866977 8.620826462353653e-07 287
1764064866978 8.580581295391622e-07 288
1764064866978 8.540524007569832e-07 289
1764064866978 8.500653721799808e-07 290
1764064866979 8.460969565087654e-07 291
1764064866979 8.42147066851497e-07 292
1764064866980 8.382156167219734e-07 293
1764064866980 8.343025200377447e-07 294
1764064866981 8.304076911182211e-07 295
1764064866981 8.265310446828075e-07 296
1764064866981 8.226724958490238e-07 297
1764064866982 8.188319601306574e-07 298
1764064866982 8.150093534359035e-07 299
1764064866983 8.11204592065532e-07 300
1764064866984 8.074175927110485e-07 301
1764064866984 8.036482724528767e-07 302
1764064866985 7.998965487585367e-07 303
1764064866985 7.961623394808399e-07 304
1764064866985 7.924455628560901e-07 305
1764064866986 7.887461375023003e-07 306
1764064866988 7.850639824173954e-07 307
1764064866989 7.813990169774534e-07 308
1764064866989 7.777511609349333e-07 309
1764064866990 7.741203344169149e-07 310
1764064866990 7.705064579233609e-07 311
1764064866991 7.669094523253644e-07 312
1764064866991 7.63329238863422e-07 313
1764064866991 7.597657391457076e-07 314
1764064866992 7.562188751463594e-07 315
1764064866992 7.526885692037679e-07 316
1764064866993 7.491747440188747e-07 317
1764064866993 7.45677322653481e-07 318
1764064866993 7.421962285285705e-07 319
1764064866994 7.387313854226142e-07 320
1764064866994 7.352827174699246e-07 321
1764064866995 7.31850149158975e-07 322
1764064866995 7.284336053307575e-07 323
1764064866996 7.250330111771332e-07 324
1764064866996 7.216482922391958e-07 325
1764064866996 7.182793744056372e-07 326
1764064866997 7.149261839111328e-07 327
1764064866997 7.115886473347187e-07 328
1764064866998 7.082666915981855e-07 329
1764064866998 7.049602439644819e-07 330
1764064866999 7.016692320361212e-07 331
1764064866999 6.983935837535894e-07 332
1764064866999 6.951332273937773e-07 333
1764064867000 6.91888091568403e-07 334
1764064867000 6.886581052224527e-07 335
1764064867001 6.85443197632622e-07 336
1764064867003 6.822432984057699e-07 337
1764064867005 6.790583374773748e-07 338
1764064867006 6.758882451100048e-07 339
1764064867006 6.72732951891784e-07 340
1764064867007 6.695923887348796e-07 341
1764064867007 6.664664868739826e-07 342
1764064867008 6.633551778648093e-07 343
1764064867008 6.602583935825969e-07 344
1764064867009 6.57176066220615e-07 345
1764064867009 6.541081282886785e-07 346
1764064867009 6.510545126116717e-07 347
1764064867010 6.480151523280768e-07 348
1764064867010 6.44989980888511e-07 349
1764064867011 6.419789320542663e-07 350
1764064867011 6.389819398958628e-07 351
1764064867011 6.359989387916029e-07 352
1764064867012 6.330298634261367e-07 353
1764064867012 6.300746487890266e-07 354
1764064867013 6.271332301733295e-07 355
1764064867013 6.242055431741802e-07 356
1764064867014 6.212915236873743e-07 357
1764064867014 6.183911079079727e-07 358
1764064867014 6.155042323289012e-07 359
1764064867015 6.126308337395557e-07 360
1764064867015 6.097708492244282e-07 361
1764064867016 6.069242161617194e-07 362
1764064867016 6.040908722219706e-07 363
1764064867016 6.01270755366705e-07 364
1764064867017 5.984638038470576e-07 365
1764064867019 5.956699562024345e-07 366
1764064867021 5.928891512591583e-07 367
1764064867023 5.901213281291378e-07 368
1764064867025 5.873664262085249e-07 369
1764064867027 5.846243851763939e-07 370
1764064867028 5.818951449934205e-07 371
1764064867028 5.791786459005646e-07 372
1764064867029 5.764748284177621e-07 373
1764064867029 5.737836333426282e-07 374
1764064867029 5.711050017491507e-07 375
1764064867030 5.684388749864066e-07 376
1764064867030 5.657851946772814e-07 377
1764064867031 5.631439027171806e-07 378
1764064867033 5.605149412727682e-07 379
1764064867034 5.57898252780691e-07 380
1764064867035 5.552937799463249e-07 381
1764064867035 5.527014657425167e-07 382
1764064867036 5.50121253408341e-07 383
1764064867036 5.475530864478456e-07 384
1764064867037 5.449969086288282e-07 385
1764064867037 5.42452663981596e-07 386
1764064867038 5.399202967977461e-07 387
1764064867038 5.373997516289393e-07 388
1764064867038 5.348909732856892e-07 389
1764064867039 5.3239390683616e-07 390
1764064867039 5.299084976049502e-07 391
1764064867040 5.274346911719084e-07 392
1764064867040 5.249724333709338e-07 393
1764064867041 5.225216702887927e-07 394
1764064867041 5.20082348263941e-07 395
1764064867041 5.176544138853415e-07 396
1764064867042 5.152378139913032e-07 397
1764064867042 5.128324956683121e-07 398
1764064867043 5.104384062498725e-07 399
1764064867043 5.080554933153567e-07 400
1764064867044 5.056837046888554e-07 401
1764064867044 5.03322988438035e-07 402
1764064867045 5.009732928730011e-07 403
1764064867045 4.986345665451679e-07 404
1764064867046 4.963067582461282e-07 405
1764064867046 4.939898170065351e-07 406
1764064867046 4.91683692094986e-07 407
1764064867047 4.893883330169121e-07 408
1764064867047 4.87103689513469e-07 409
1764064867048 4.848297115604371e-07 410
1764064867048 4.82566349367137e-07 411
1764064867049 4.803135533753201e-07 412
1764064867049 4.780712742581013e-07 413
1764064867049 4.7583946291886495e-07 414
1764064867050 4.7361807049020016e-07 415
1764064867050 4.7140704833282984e-07 416
1764064867051 4.6920634803453787e-07 417
1764064867051 4.6701592140911573e-07 418
1764064867052 4.6483572049530274e-07 419
1764064867052 4.6266569755574563e-07 420
1764064867052 4.605058050759417e-07 421
1764064867053 4.5835599576320365e-07 422
1764064867053 4.5621622254562437e-07 423
1764064867054 4.540864385710467e-07 424
1764064867054 4.519665972060356e-07 425
1764064867054 4.4985665203485653e-07 426
1764064867055 4.4775655685846216e-07 427
1764064867055 4.456662656934806e-07 428
1764064867056 4.4358573277120046e-07 429
1764064867056 4.41514912536585e-07 430
1764064867057 4.3945375964725886e-07 431
1764064867057 4.3740222897252254e-07 432
1764064867057 4.3536027559236513e-07 433
1764064867058 4.333278547964745e-07 434
1764064867058 4.313049220832659e-07 435
1764064867059 4.292914331589066e-07 436
1764064867059 4.2728734393633585e-07 437
1764064867060 4.2529261053431485e-07 438
1764064867060 4.233071892764562e-07 439
1764064867060 4.213310366902676e-07 440
1764064867061 4.193641095062064e-07 441
1764064867061 4.174063646567235e-07 442
1764064867062 4.154577592753279e-07 443
1764064867062 4.135182506956421e-07 444
1764064867062 4.115877964504771e-07 445
1764064867063 4.0966635427088696e-07 446
1764064867063 4.0775388208526205e-07 447
1764064867064 4.0585033801839084e-07 448
1764064867064 4.039556803905555e-07 449
1764064867064 4.0206986771661125e-07 450
1764064867065 4.0019285870508296e-07 451
1764064867065 3.9832461225725967e-07 452
1764064867066 3.964650874662923e-07 453
1764064867066 3.9461424361629985e-07 454
1764064867066 3.9277204018148065e-07 455
1764064867067 3.9093843682521944e-07 456
1764064867067 3.891133933992077e-07 457
1764064867068 3.872968699425641e-07 458
1764064867068 3.854888266809608e-07 459
1764064867068 3.8368922402574986e-07 460
1764064867069 3.8189802257309537e-07 461
1764064867069 3.8011518310311556e-07 462
1764064867069 3.783406665790225e-07 463
1764064867070 3.7657443414626383e-07 464
1764064867070 3.748164471316748e-07 465
1764064867071 3.7306666704263e-07 466
1764064867071 3.71325055566205e-07 467
1764064867071 3.695915745683338e-07 468
1764064867072 3.67866186092969e-07 469
1764064867072 3.661488523612623e-07 470
1764064867073 3.6443953577072455e-07 471
1764064867073 3.627381988944174e-07 472
1764064867074 3.6104480448011645e-07 473
1764064867074 3.5935931544950716e-07 474
1764064867074 3.5768169489737404e-07 475
1764064867075 3.5601190609078277e-07 476
1764064867075 3.5434991246828433e-07 477
1764064867075 3.526956776391122e-07 478
1764064867076 3.5104916538238746e-07 479
1764064867076 3.494103396463172e-07 480
1764064867077 3.477791645474183e-07 481
1764064867077 3.4615560436971984e-07 482
1764064867077 3.4453962356398873e-07 483
1764064867078 3.429311867469481e-07 484
1764064867078 3.4133025870050306e-07 485
1764064867079 3.397368043709694e-07 486
1764064867079 3.3815078886830707e-07 487
1764064867080 3.3657217746535494e-07 488
1764064867080 3.3500093559707074e-07 489
1764064867080 3.3343702885977435e-07 490
1764064867081 3.3188042301039413e-07 491
1764064867081 3.3033108396571976e-07 492
1764064867081 3.287889778016527e-07 493
1764064867082 3.272540707524647e-07 494
1764064867082 3.257263292100557e-07 495
1764064867084 3.242057197232235e-07 496
1764064867086 3.2269220899692893e-07 497
1764064867087 3.211857638915604e-07 498
1764064867087 3.1968635142222546e-07 499
