1764064864918 7.81789163831232e-06 0
1764064864918 7.758636004253878e-06 1
1764064864919 7.699829497700662e-06 2
1764064864919 7.641468714495097e-06 3
1764064864920 7.583550276281374e-06 4
1764064864920 7.526070830309912e-06 5
1764064864921 7.46902704924325e-06 6
1764064864921 7.412415630963461e-06 7
1764064864922 7.3562332983809804e-06 8
1764064864922 7.300476799244917e-06 9
1764064864923 7.245142905954783e-06 10
1764064864923 7.190228415373655e-06 11
1764064864924 7.135730148642757e-06 12
1764064864924 7.081644950997442e-06 13
1764064864925 7.027969691584572e-06 14
1764064864925 6.974701263281277e-06 15
1764064864926 6.921836582515099e-06 16
1764064864926 6.8693725890854845e-06 17
1764064864926 6.817306245986642e-06 18
1764064864927 6.765634539231732e-06 19
1764064864927 6.7143544776784086e-06 20
1764064864928 6.663463092855648e-06 21
1764064864928 6.612957438791937e-06 22
1764064864928 6.562834591844713e-06 23
1764064864929 6.513091650531139e-06 24
1764064864929 6.463725735360143e-06 25
1764064864930 6.41473398866572e-06 26
1764064864930 6.366113574441523e-06 27
1764064864931 6.317861678176685e-06 28
1764064864932 6.269975506692896e-06 29
1764064864932 6.222452287982717e-06 30
1764064864933 6.1752892710491115e-06 31
1764064864933 6.128483725746195e-06 32
1764064864933 6.082032942621204e-06 33
1764064864934 6.035934232757638e-06 34
1764064864934 5.990184927619619e-06 35
1764064864935 5.94478237889741e-06 36
1764064864935 5.89972395835411e-06 37
1764064864935 5.855007057673515e-06 38
1764064864936 5.81062908830913e-06 39
1764064864936 5.766587481334323e-06 40
1764064864937 5.722879687293612e-06 41
1764064864937 5.679503176055095e-06 42
1764064864938 5.636455436663975e-06 43
1764064864938 5.593733977197214e-06 44
1764064864939 5.551336324619283e-06 45
1764064864939 5.509260024638999e-06 46
1764064864940 5.4675026415674565e-06 47
1764064864940 5.426061758177032e-06 48
1764064864940 5.384934975561447e-06 49
1764064864941 5.344119912996925e-06 50
1764064864941 5.303614207804348e-06 51
1764064864942 5.263415515212512e-06 52
1764064864942 5.223521508222373e-06 53
1764064864943 5.183929877472367e-06 54
1764064864943 5.144638331104703e-06 55
1764064864943 5.105644594632704e-06 56
1764064864944 5.066946410809152e-06 57
1764064864944 5.0285415394956034e-06 58
1764064864945 4.9904277575327264e-06 59
1764064864945 4.952602858611604e-06 60
1764064864945 4.915064653146013e-06 61
1764064864946 4.877810968145684e-06 62
1764064864946 4.840839647090496e-06 63
1764064864947 4.804148549805665e-06 64
1764064864947 4.7677355523378276e-06 65
1764064864947 4.731598546832114e-06 66
1764064864948 4.695735441410119e-06 67
1764064864948 4.660144160048801e-06 68
1764064864949 4.624822642460326e-06 69
1764064864949 4.5897688439727846e-06 70
1764064864949 4.554980735411842e-06 71
1764064864950 4.520456302983269e-06 72
1764064864950 4.48619354815637e-06 73
1764064864951 4.452190487548296e-06 74
1764064864951 4.4184451528092225e-06 75
1764064864951 4.384955590508423e-06 76
1764064864952 4.351719862021173e-06 77
1764064864952 4.318736043416539e-06 78
1764064864953 4.2860022253459995e-06 79
1764064864953 4.2535165129329295e-06 80
1764064864954 4.22127702566289e-06 81
1764064864954 4.189281897274798e-06 82
1764064864954 4.157529275652869e-06 83
1764064864955 4.1260173227194155e-06 84
1764064864955 4.094744214328438e-06 85
1764064864956 4.0637081401600384e-06 86
1764064864956 4.03290730361562e-06 87
1764064864956 4.002339921713885e-06 88
1764064864957 3.972004224987629e-06 89
1764064864957 3.941898457381305e-06 90
1764064864958 3.912020876149372e-06 91
1764064864958 3.8823697517554115e-06 92
1764064864958 3.852943367772013e-06 93
1764064864959 3.823740020781407e-06 94
1764064864959 3.794758020276861e-06 95
1764064864960 3.7659956885648283e-06 96
1764064864960 3.7374513606678194e-06 97
1764064864960 3.7091233842280275e-06 98
1764064864961 3.681010119411675e-06 99
1764064864961 3.6531099388140864e-06 100
1764064864962 3.625421227365489e-06 101
1764064864962 3.5979423822375115e-06 102
1764064864963 3.5706718127504117e-06 103
1764064864963 3.543607940280977e-06 104
1764064864963 3.5167491981711655e-06 105
1764064864964 3.4900940316373985e-06 106
1764064864964 3.4636408976805687e-06 107
1764064864965 3.437388264996711e-06 108
1764064864965 3.411334613888365e-06 109
1764064864965 3.3854784361766082e-06 110
1764064864966 3.3598182351137364e-06 111
1764064864966 3.3343525252966392e-06 112
1764064864967 3.3090798325807956e-06 113
1764064864967 3.2839986939949576e-06 114
1764064864968 3.2591076576564454e-06 115
1764064864968 3.2344052826871205e-06 116
1764064864968 3.209890139129952e-06 117
1764064864969 3.1855608078662693e-06 118
1764064864969 3.1614158805335832e-06 119
1764064864970 3.137453959444092e-06 120
1764064864970 3.1136736575037385e-06 121
1764064864970 3.0900735981319394e-06 122
1764064864971 3.0666524151818928e-06 123
1764064864971 3.0434087528614854e-06 124
1764064864972 3.0203412656548253e-06 125
1764064864972 2.9974486182443413e-06 126
1764064864973 2.974729485433489e-06 127
1764064864973 2.9521825520700375e-06 128
1764064864973 2.9298065129699436e-06 129
1764064864974 2.907600072841787e-06 130
1764064864974 2.885561946211803e-06 131
1764064864975 2.8636908573494608e-06 132
1764064864975 2.8419855401936145e-06 133
1764064864975 2.8204447382792198e-06 134
1764064864976 2.799067204664592e-06 135
1764064864976 2.7778517018592338e-06 136
1764064864977 2.756797001752196e-06 137
1764064864977 2.735901885540976e-06 138
1764064864977 2.715165143660988e-06 139
1764064864978 2.6945855757155127e-06 140
1764064864978 2.6741619904062333e-06 141
1764064864979 2.653893205464274e-06 142
1764064864979 2.63377804758174e-06 143
1764064864979 2.6138153523438256e-06 144
1764064864981 2.5940039641613916e-06 145
1764064864981 2.5743427362040694e-06 146
1764064864982 2.5548305303338878e-06 147
1764064864982 2.5354662170393793e-06 148
1764064864983 2.516248675370194e-06 149
1764064864983 2.4971767928722204e-06 150
1764064864984 2.4782494655231792e-06 151
1764064864984 2.4594655976687147e-06 152
1764064864984 2.44082410195898e-06 153
1764064864985 2.4223238992856763e-06 154
1764064864985 2.4039639187195993e-06 155
1764064864986 2.38574309744865e-06 156
1764064864986 2.3676603807162914e-06 157
1764064864986 2.3497147217605116e-06 158
1764064864987 2.331905081753217e-06 159
1764064864987 2.3142304297401043e-06 160
1764064864988 2.2966897425809763e-06 161
1764064864988 2.279282004890522e-06 162
1764064864989 2.2620062089795205e-06 163
1764064864989 2.2448613547965414e-06 164
1764064864989 2.227846449870014e-06 165
1764064864990 2.2109605092508106e-06 166
1764064864990 2.194202555455211e-06 167
1764064864991 2.1775716184083227e-06 168
1764064864991 2.1610667353879314e-06 169
1764064864991 2.144686950968759e-06 170
1764064864992 2.1284313169671663e-06 171
1764064864992 2.112298892386264e-06 172
1764064864993 2.096288743361441e-06 173
1764064864993 2.080399943106302e-06 174
1764064864994 2.0646315718590235e-06 175
1764064864994 2.0489827168291e-06 176
1764064864994 2.0334524721445225e-06 177
1764064864995 2.0180399387993257e-06 178
1764064864995 2.0027442246015495e-06 179
1764064864996 1.987564444121596e-06 180
1764064864996 1.972499718640971e-06 181
1764064864996 1.957549176101422e-06 182
1764064864997 1.9427119510544514e-06 183
1764064864997 1.9279871846112195e-06 184
1764064864998 1.913374024392828e-06 185
1764064864998 1.8988716244809706e-06 186
1764064864998 1.8844791453689834e-06 187
1764064864999 1.8701957539132189e-06 188
1764064864999 1.856020623284846e-06 189
1764064865000 1.8419529329219715e-06 190
1764064865000 1.8279918684821399e-06 191
1764064865000 1.814136621795199e-06 192
1764064865001 1.8003863908165172e-06 193
1764064865001 1.7867403795805418e-06 194
1764064865002 1.7731977981547505e-06 195
1764064865002 1.7597578625938907e-06 196
1764064865002 1.7464197948946253e-06 197
1764064865003 1.7331828229504827e-06 198
1764064865003 1.7200461805071617e-06 199
1764064865004 1.7070091071181823e-06 200
1764064865004 1.6940708481008638e-06 201
1764064865004 1.6812306544926281e-06 202
1764064865005 1.6684877830076528e-06 203
1764064865005 1.6558414959938557e-06 204
1764064865006 1.6432910613901623e-06 205
1764064865006 1.6308357526841578e-06 206
1764064865007 1.6184748488700302e-06 207
1764064865007 1.606207634406803e-06 208
1764064865007 1.594033399176954e-06 209
1764064865008 1.5819514384452834e-06 210
1764064865008 1.569961052818118e-06 211
1764064865009 1.5580615482028464e-06 212
1764064865009 1.5462522357677132e-06 213
1764064865010 1.534532431901967e-06 214
1764064865010 1.5229014581762625e-06 215
1764064865010 1.5113586413034206e-06 216
1764064865011 1.4999033130994254e-06 217
1764064865011 1.4885348104447568e-06 218
1764064865012 1.4772524752460033e-06 219
1764064865012 1.4660556543977661e-06 220
1764064865012 1.4549436997448546e-06 221
1764064865013 1.4439159680447604e-06 222
1764064865013 1.4329718209304267e-06 223
1764064865014 1.422110624873295e-06 224
1764064865014 1.4113317511466318e-06 225
1764064865014 1.400634575789125e-06 226
1764064865015 1.3900184795687793e-06 227
1764064865015 1.3794828479470597e-06 228
1764064865016 1.3690270710433122e-06 229
1764064865016 1.3586505435994826e-06 230
1764064865016 1.3483526649450515e-06 231
1764064865017 1.3381328389622795e-06 232
1764064865017 1.3279904740517012e-06 233
1764064865018 1.3179249830978615e-06 234
1764064865018 1.3079357834353579e-06 235
1764064865019 1.2980222968150821e-06 236
1764064865019 1.2881839493707596e-06 237
1764064865019 1.27842017158574e-06 238
1764064865020 1.268730398259999e-06 239
1764064865020 1.2591140684774692e-06 240
1764064865021 1.2495706255735126e-06 241
1764064865021 1.2400995171027432e-06 242
1764064865022 1.2307001948070286e-06 243
1764064865022 1.22137211458374e-06 244
1764064865022 1.2121147364542859e-06 245
1764064865023 1.202927524532827e-06 246
1764064865023 1.1938099469952694e-06 247
1764064865024 1.1847614760484705e-06 248
1764064865024 1.175781587899696e-06 249
1764064865024 1.1668697627262952e-06 250
1764064865025 1.1580254846456029e-06 251
1764064865025 1.1492482416850785e-06 252
1764064865026 1.1405375257526802e-06 253
1764064865026 1.131892832607444e-06 254
1764064865027 1.1233136618302907e-06 255
1764064865027 1.114799516795065e-06 256
1764064865028 1.106349904639787e-06 257
1764064865028 1.0979643362381125e-06 258
1764064865028 1.0896423261710354e-06 259
1764064865029 1.0813833926987755e-06 260
1764064865029 1.0731870577328852e-06 261
1764064865030 1.0650528468085953e-06 262
1764064865030 1.0569802890573333e-06 263
1764064865031 1.048968917179468e-06 264
1764064865031 1.0410182674172676e-06 265
1764064865033 1.0331278795280364e-06 266
1764064865034 1.0252972967575002e-06 267
1764064865034 1.0175260658133371e-06 268
1764064865035 1.0098137368389526e-06 269
1764064865035 1.0021598633874353e-06 270
1764064865036 9.94564002395717e-07 271
1764064865036 9.87025714158918e-07 272
1764064865036 9.795445623048973e-07 273
1764064865037 9.72120113769002e-07 274
1764064865037 9.647519387689714e-07 275
1764064865038 9.574396107800877e-07 276
1764064865038 9.501827065104778e-07 277
1764064865039 9.429808058765875e-07 278
1764064865039 9.35833491978897e-07 279
1764064865040 9.287403510777623e-07 280
1764064865040 9.217009725694873e-07 281
1764064865040 9.14714948962529e-07 282
1764064865041 9.077818758539309e-07 283
1764064865041 9.009013519059049e-07 284
1764064865042 8.94072978822595e-07 285
1764064865042 8.872963613270248e-07 286
1764064865042 8.805711071382205e-07 287
1764064865043 8.73896826948494e-07 288
1764064865043 8.67273134400912e-07 289
1764064865044 8.606996460669286e-07 290
1764064865044 8.541759814241959e-07 291
1764064865044 8.477017628345287e-07 292
1764064865045 8.412766155220401e-07 293
1764064865045 8.349001675514634e-07 294
1764064865046 8.285720498066098e-07 295
1764064865046 8.222918959689948e-07 296
1764064865047 8.160593424966498e-07 297
1764064865047 8.098740286030716e-07 298
1764064865047 8.037355962363248e-07 299
1764064865048 7.976436900583304e-07 300
1764064865048 7.915979574242915e-07 301
1764064865049 7.855980483622748e-07 302
1764064865049 7.796436155529684e-07 303
1764064865049 7.737343143095484e-07 304
1764064865050 7.678698025577502e-07 305
1764064865050 7.620497408160495e-07 306
1764064865051 7.562737921760309e-07 307
1764064865051 7.505416222828652e-07 308
1764064865052 7.448528993159617e-07 309
1764064865052 7.392072939697639e-07 310
1764064865053 7.336044794346884e-07 311
1764064865053 7.280441313781895e-07 312
1764064865053 7.225259279260028e-07 313
1764064865054 7.170495496435089e-07 314
1764064865054 7.116146795172469e-07 315
1764064865055 7.06221002936536e-07 316
1764064865055 7.008682076753023e-07 317
1764064865056 6.955559838739786e-07 318
1764064865056 6.902840240215813e-07 319
1764064865056 6.850520229378918e-07 320
1764064865057 6.798596777558146e-07 321
1764064865057 6.74706687903822e-07 322
1764064865058 6.695927550885748e-07 323
1764064865058 6.645175832776396e-07 324
1764064865058 6.594808786823578e-07 325
1764064865059 6.544823497408406e-07 326
1764064865059 6.495217071010926e-07 327
1764064865060 6.445986636042509e-07 328
1764064865060 6.397129342679804e-07 329
1764064865061 6.34864236269956e-07 330
1764064865061 6.300522889315168e-07 331
1764064865061 6.252768137013831e-07 332
1764064865062 6.205375341395721e-07 333
1764064865062 6.158341759013587e-07 334
1764064865063 6.111664667214263e-07 335
1764064865063 6.065341363980722e-07 336
1764064865063 6.019369167776029e-07 337
1764064865064 5.973745417387822e-07 338
1764064865064 5.928467471774401e-07 339
1764064865065 5.883532709911873e-07 340
1764064865065 5.838938530642243e-07 341
1764064865065 5.794682352523056e-07 342
1764064865066 5.750761613677899e-07 343
1764064865066 5.707173771648038e-07 344
1764064865067 5.663916303245234e-07 345
1764064865067 5.620986704405865e-07 346
1764064865067 5.578382490045593e-07 347
1764064865068 5.536101193916073e-07 348
1764064865068 5.494140368461594e-07 349
1764064865069 5.452497584677811e-07 350
1764064865069 5.41117043197097e-07 351
1764064865069 5.370156518018313e-07 352
1764064865070 5.329453468629824e-07 353
1764064865070 5.289058927610475e-07 354
1764064865071 5.248970556624071e-07 355
1764064865071 5.209186035057861e-07 356
1764064865071 5.16970305988804e-07 357
1764064865072 5.130519345546687e-07 358
1764064865072 5.091632623789127e-07 359
1764064865073 5.053040643563084e-07 360
1764064865073 5.014741170877845e-07 361
1764064865073 4.976731988675451e-07 362
1764064865074 4.939010896701912e-07 363
1764064865074 4.901575711380173e-07 364
1764064865075 4.864424265683488e-07 365
1764064865075 4.827554409010148e-07 366
1764064865075 4.790964007058844e-07 367
1764064865076 4.754650941705236e-07 368
1764064865076 4.718613110879271e-07 369
1764064865077 4.6828484284434875e-07 370
1764064865077 4.647354824072292e-07 371
1764064865078 4.6121302431321753e-07 372
1764064865078 4.577172646562567e-07 373
1764064865078 4.542480010758063e-07 374
1764064865079 4.5080503274510945e-07 375
1764064865079 4.473881603595756e-07 376
1764064865080 4.439971861252409e-07 377
1764064865080 4.406319137473152e-07 378
1764064865080 4.372921484188306e-07 379
1764064865081 4.339776968093501e-07 380
1764064865081 4.30688367053793e-07 381
1764064865082 4.2742396874129655e-07 382
1764064865082 4.2418431290423944e-07 383
1764064865082 4.209692120072637e-07 384
1764064865083 4.1777847993644306e-07 385
1764064865083 4.146119319884898e-07 386
1764064865083 4.1146938486008367e-07 387
1764064865084 4.083506566372421e-07 388
1764064865084 4.052555667848017e-07 389
1764064865085 4.0218393613596377e-07 390
1764064865085 3.9913558688191566e-07 391
1764064865085 3.9611034256156054e-07 392
1764064865086 3.931080280512665e-07 393
1764064865086 3.9012846955476933e-07 394
1764064865087 3.871714945930763e-07 395
1764064865087 3.842369319945057e-07 396
1764064865087 3.8132461188476856e-07 397
1764064865088 3.7843436567713067e-07 398
1764064865088 3.755660260626775e-07 399
1764064865089 3.727194270005862e-07 400
1764064865089 3.698944037085498e-07 401
1764064865089 3.670907926532377e-07 402
1764064865090 3.6430843154080077e-07 403
1764064865090 3.615471593075059e-07 404
1764064865091 3.58806816110397e-07 405
1764064865091 3.560872433180449e-07 406
1764064865091 3.5338828350136747e-07 407
1764064865092 3.507097804245185e-07 408
1764064865092 3.4805157903583273e-07 409
1764064865093 3.4541352545886225e-07 410
1764064865093 3.427954669834662e-07 411
1764064865093 3.401972520569591e-07 412
1764064865094 3.3761873027535816e-07 413
1764064865094 3.35059752374667e-07 414
1764064865094 3.3252017022221835e-07 415
1764064865095 3.299998368081321e-07 416
1764064865095 3.274986062367809e-07 417
1764064865096 3.2501633371835437e-07 418
1764064865096 3.225528755604742e-07 419
1764064865096 3.20108089159874e-07 420
1764064865097 3.1768183299415193e-07 421
1764064865097 3.1527396661357106e-07 422
1764064865098 3.1288435063293334e-07 423
1764064865098 3.105128467235096e-07 424
1764064865098 3.0815931760502773e-07 425
1764064865099 3.058236270377367e-07 426
1764064865099 3.035056398145113e-07 427
1764064865099 3.012052217530248e-07 428
1764064865100 2.989222396879851e-07 429
1764064865100 2.9665656146342695e-07 430
1764064865101 2.944080559250564e-07 431
1764064865101 2.921765929126695e-07 432
1764064865101 2.899620432526022e-07 433
1764064865102 2.8776427875026206e-07 434
1764064865102 2.855831721827123e-07 435
1764064865102 2.834185972912946e-07 436
1764064865103 2.8127042877433253e-07 437
1764064865103 2.791385422798685e-07 438
1764064865104 2.770228143984658e-07 439
1764064865104 2.7492312265607977e-07 440
1764064865104 2.7283934550694737e-07 441
1764064865105 2.7077136232656196e-07 442
1764064865105 2.687190534046919e-07 443
1764064865106 2.6668229993844446e-07 444
1764064865106 2.646609840253947e-07 445
1764064865106 2.6265498865675893e-07 446
1764064865107 2.6066419771061685e-07 447
1764064865107 2.586884959451967e-07 448
1764064865107 2.567277689921993e-07 449
1764064865108 2.5478190335017526e-07 450
1764064865108 2.5285078637797e-07 451
1764064865109 2.5093430628817224e-07 452
1764064865109 2.490323521406827e-07 453
1764064865109 2.4714481383625796e-07 454
1764064865110 2.4527158211015287e-07 455
1764064865110 2.4341254852579884e-07 456
1764064865111 2.4156760546851976e-07 457
1764064865111 2.397366461392968e-07 458
1764064865111 2.379195645486026e-07 459
1764064865112 2.3611625551024867e-07 460
1764064865112 2.343266146353072e-07 461
1764064865112 2.325505383260736e-07 462
1764064865113 2.307879237700458e-07 463
1764064865113 2.2903866893399653e-07 464
1764064865114 2.2730267255805647e-07 465
1764064865114 2.255798341498592e-07 466
1764064865114 2.2387005397871596e-07 467
1764064865115 2.2217323306984116e-07 468
1764064865115 2.2048927319863187e-07 469
1764064865116 2.1881807688498453e-07 470
1764064865116 2.1715954738762625e-07 471
1764064865116 2.1551358869855556e-07 472
1764064865117 2.1388010553744946e-07 473
1764064865117 2.1225900334616241e-07 474
1764064865117 2.1065018828325612e-07 475
1764064865118 2.0905356721855544e-07 476
1764064865118 2.0746904772777913e-07 477
1764064865119 2.0589653808715077e-07 478
1764064865119 2.0433594726813625e-07 479
1764064865119 2.0278718493214343e-07 480
1764064865120 2.012501614252942e-07 481
1764064865120 1.9972478777325327e-07 482
1764064865121 1.98210975676048e-07 483
1764064865121 1.967086375029941e-07 484
1764064865121 1.9521768628759468e-07 485
1764064865122 1.9373803572250722e-07 486
1764064865122 1.9226960015457511e-07 487
1764064865122 1.9081229457982005e-07 488
1764064865123 1.893660346385798e-07 489
1764064865123 1.8793073661057064e-07 490
1764064865124 1.865063174100857e-07 491
1764064865124 1.8509269458115135e-07 492
1764064865124 1.8368978629277862e-07 493
1764064865125 1.8229751133420694e-07 494
1764064865125 1.8091578911021985e-07 495
1764064865126 1.7954453963646803e-07 496
1764064865129 1.7818368353483917e-07 497
1764064865130 1.7683314202886322e-07 498
1764064865130 1.7549283693917497e-07 499
